/*--------------------------------*- C++ -*----------------------------------*\
| =========                 |                                                 |
| \\      /  F ield         | OpenFOAM: The Open Source CFD Toolbox           |
|  \\    /   O peration     | Version:  v1606+                                |
|   \\  /    A nd           | Web:      www.OpenFOAM.com                      |
|    \\/     M anipulation  |                                                 |
\*---------------------------------------------------------------------------*/
FoamFile
{
    version     2.0;
    format      ascii;
    class       volScalarField;
    location    "0.02/Shaded";
    object      T;
}
// * * * * * * * * * * * * * * * * * * * * * * * * * * * * * * * * * * * * * //

dimensions      [0 0 0 1 0 0 0];

internalField   nonuniform List<scalar> 
4320
(
346.58697
346.11943
345.64839
345.17415
344.69721
344.21797
343.73674
343.25377
342.76925
342.28335
341.79619
341.30789
340.81855
340.32825
339.83705
339.34502
338.8522
338.35862
337.86433
337.36934
336.87367
336.37733
335.88032
335.38264
334.88429
334.38525
333.8855
333.38503
332.88381
332.38181
331.87899
331.37533
330.87078
330.36531
329.85887
329.35142
328.8429
328.33327
327.82248
327.31048
326.79721
326.28262
325.76666
325.24927
324.7304
324.20998
323.68798
323.16432
322.63896
322.11183
321.58289
321.05209
320.51935
319.98465
319.44791
318.90908
318.36812
317.82497
317.27956
316.73186
316.18178
315.62928
315.07427
314.51667
313.95638
313.39328
312.82718
312.25782
311.68475
311.10702
310.52227
309.92297
346.07669
345.60056
345.12332
344.64433
344.16354
343.68105
343.19701
342.71157
342.22487
341.73704
341.24819
340.75841
340.2678
339.77641
339.28433
338.79158
338.29823
337.80431
337.30983
336.81483
336.31932
335.8233
335.32677
334.82973
334.33217
333.83408
333.33543
332.83619
332.33635
331.83587
331.33472
330.83285
330.33022
329.82678
329.3225
328.81732
328.31119
327.80406
327.29586
326.78655
326.27607
325.76435
325.25134
324.73699
324.22121
323.70397
323.18518
322.6648
322.14276
321.61899
321.09343
320.56603
320.03671
319.50541
318.97206
318.4366
317.89895
317.35904
316.8168
316.27213
315.72494
315.17512
314.62254
314.06704
313.50842
312.9464
312.38061
311.81045
311.23499
310.65254
310.06001
309.45145
345.5644
345.08171
344.59885
344.11518
343.63041
343.14451
342.65748
342.16942
341.68041
341.19053
340.69988
340.20854
339.71657
339.22404
338.731
338.2375
337.74359
337.24928
336.7546
336.25957
335.76421
335.2685
334.77246
334.27607
333.77932
333.28219
332.78466
332.28669
331.78827
331.28935
330.78989
330.28985
329.78918
329.28784
328.78577
328.28292
327.77923
327.27464
326.7691
326.26255
325.75491
325.24613
324.73614
324.22487
323.71226
323.19825
322.68275
322.16571
321.64705
321.1267
320.6046
320.08066
319.55482
319.02699
318.49711
317.96508
317.43082
316.89424
316.35524
315.8137
315.2695
314.72249
314.17249
313.61929
313.0626
312.50205
311.93714
311.36712
310.7909
310.20683
309.61238
309.00405
345.04991
344.56189
344.07406
343.58594
343.09726
342.60789
342.1178
341.62702
341.13559
340.64358
340.15104
339.65805
339.16466
338.67092
338.17688
337.68259
337.18807
336.69335
336.19845
335.70338
335.20816
334.71277
334.21722
333.72149
333.22557
332.72943
332.23304
331.73638
331.23941
330.74209
330.24437
329.74621
329.24756
328.74836
328.24856
327.74809
327.24691
326.74493
326.24211
325.73837
325.23365
324.72787
324.22096
323.71286
323.20349
322.69277
322.18064
321.66701
321.15181
320.63496
320.11637
319.59598
319.0737
318.54943
318.02309
317.49458
316.9638
316.43065
315.895
315.35672
314.81566
314.27163
313.72443
313.1738
312.61941
312.06083
311.49751
310.9287
310.35338
309.77016
309.17728
308.57274
344.5334
344.04073
343.54841
343.05611
342.56361
342.0708
341.57761
341.08405
340.59014
340.09592
339.60143
339.10672
338.61184
338.11685
337.62177
337.12663
336.63148
336.13633
335.64119
335.14608
334.65099
334.15593
333.66088
333.16583
332.67075
332.17563
331.68043
331.18511
330.68963
330.19395
329.69803
329.2018
328.70522
328.20822
327.71074
327.21273
326.71412
326.21483
325.71479
325.21394
324.7122
324.2095
323.70576
323.20089
322.69483
322.1875
321.6788
321.16866
320.657
320.14373
319.62875
319.11199
318.59335
318.07273
317.55003
317.02515
316.49796
315.96836
315.43619
314.90132
314.36357
313.82274
313.2786
312.73086
312.17917
311.62311
311.06213
310.49554
309.92247
309.34186
308.75251
308.15326
344.015
343.51806
343.02156
342.52529
342.02909
341.53287
341.03659
340.54022
340.04377
339.54728
339.05078
338.55431
338.0579
337.5616
337.06543
336.56943
336.07362
335.57802
335.08264
334.58747
334.09253
333.5978
333.10327
332.60891
332.11471
331.62064
331.12665
330.63271
330.13878
329.64479
329.15071
328.65648
328.16202
327.66729
327.17222
326.67673
326.18075
325.68421
325.18704
324.68916
324.19049
323.69094
323.19044
322.6889
322.18624
321.68236
321.17719
320.67064
320.1626
319.653
319.14172
318.62869
318.11379
317.59692
317.07797
316.55682
316.03335
315.50743
314.9789
314.44761
313.91337
313.37597
312.83516
312.29065
311.7421
311.1891
310.63114
310.06762
309.49785
308.92102
308.33634
307.7431
343.49479
342.99379
342.49329
341.99319
341.49338
340.99381
340.49442
339.99522
339.49621
338.99741
338.49885
338.00056
337.50258
337.00494
336.50766
336.01077
335.51428
335.01821
334.52257
334.02736
333.53257
333.03818
332.54419
332.05056
331.55727
331.06428
330.57155
330.07904
329.58669
329.09446
328.60229
328.11011
327.61785
327.12546
326.63285
326.13995
325.6467
325.153
324.65877
324.16394
323.66841
323.17211
322.67494
322.17681
321.67764
321.17732
320.67577
320.17289
319.66857
319.16273
318.65526
318.14606
317.63501
317.122
316.60692
316.08964
315.57002
315.04793
314.5232
313.99568
313.46515
312.93142
312.39423
311.85329
311.30829
310.75884
310.20449
309.64474
309.07904
308.50679
307.92746
307.34059
342.97279
342.46782
341.96344
341.45959
340.95623
340.45332
339.95084
339.44879
338.94719
338.44604
337.94539
337.44525
336.94566
336.44664
335.94822
335.45041
334.95323
334.45669
333.9608
333.46554
332.97091
332.47688
331.98345
331.49058
330.99823
330.50637
330.01495
329.52392
329.03322
328.54281
328.0526
327.56254
327.07256
326.58258
326.09252
325.6023
325.11184
324.62106
324.12987
323.63818
323.1459
322.65293
322.15918
321.66456
321.16897
320.67231
320.17448
319.67537
319.17489
318.67292
318.16936
317.6641
317.15701
316.64799
316.1369
315.62362
315.108
314.58989
314.06914
313.54556
313.01898
312.48916
311.95586
311.41883
310.87775
310.33228
309.78204
309.22661
308.66555
308.09843
307.52487
306.94458
342.44896
341.94006
341.43183
340.92428
340.41739
339.91116
339.40558
338.90067
338.39644
337.89292
337.39014
336.88811
336.38688
335.88646
335.38687
334.88813
334.39025
333.89324
333.39709
332.90179
332.40734
331.9137
331.42086
330.92878
330.43742
329.94673
329.45667
328.96718
328.4782
327.98966
327.5015
327.01364
326.52601
326.03852
325.55109
325.06364
324.57607
324.08831
323.60025
323.11179
322.62285
322.13331
321.64309
321.15208
320.66018
320.16728
319.67327
319.17805
318.6815
318.18352
317.68399
317.18278
316.67979
316.17488
315.66792
315.15877
314.6473
314.13334
313.61674
313.09732
312.57487
312.04921
311.52009
310.98725
310.45044
309.90933
309.3636
308.81292
308.25693
307.69532
307.1278
306.55419
341.92324
341.4104
340.89833
340.38708
339.87666
339.36709
338.85839
338.35059
337.84371
337.33778
336.83284
336.3289
335.82599
335.32414
334.82337
334.32369
333.8251
333.32761
332.83122
332.3359
331.84165
331.34843
330.85622
330.36497
329.87464
329.38518
328.89654
328.40865
327.92145
327.43487
326.94883
326.46325
325.97805
325.49314
325.00844
324.52385
324.03927
323.55462
323.06978
322.58467
322.09917
321.61318
321.12659
320.6393
320.15119
319.66216
319.17209
318.68087
318.18838
317.69451
317.19912
316.7021
316.20333
315.70266
315.19997
314.69511
314.18794
313.6783
313.16603
312.65094
312.13286
311.61157
311.08687
310.55852
310.02626
309.48984
308.94896
308.40337
307.85277
307.29692
306.73564
306.16878
341.39556
340.87872
340.36278
339.84779
339.33382
338.82089
338.30904
337.79831
337.28875
336.78038
336.27323
335.76734
335.26274
334.75945
334.25748
333.75684
333.25755
332.75959
332.26296
331.76764
331.27362
330.78085
330.2893
329.79893
329.30969
328.82153
328.33437
327.84815
327.36281
326.87826
326.39442
325.91121
325.42854
324.94631
324.46443
323.9828
323.50131
323.01988
322.53838
322.05671
321.57477
321.09243
320.60959
320.12614
319.64195
319.15691
318.6709
318.1838
317.69549
317.20584
316.71473
316.22203
315.72761
315.23133
314.73305
314.23263
313.72992
313.22476
312.71699
312.20644
311.69291
311.17623
310.65618
310.13255
309.60512
309.07366
308.53791
307.99767
307.45271
306.90283
306.34789
305.78781
340.86581
340.34489
339.825
339.30624
338.78865
338.27231
337.75727
337.24358
336.73129
336.22044
335.71106
335.20319
334.69687
334.19211
333.68893
333.18733
332.68733
332.18891
331.69207
331.19678
330.70301
330.21073
329.7199
329.23046
328.74237
328.25556
327.76996
327.28549
326.80209
326.31966
325.83812
325.35737
324.87732
324.39787
323.91892
323.44036
322.96208
322.48397
322.00593
321.52783
321.04955
320.57099
320.09202
319.61252
319.13238
318.65145
318.16963
317.68678
317.20278
316.71749
316.2308
315.74255
315.25262
314.76087
314.26715
313.77132
313.27323
312.77272
312.26963
311.76379
311.25502
310.74314
310.22796
309.70928
309.18691
308.66063
308.13025
307.59558
307.05643
306.51266
305.96416
305.41087
340.33385
339.80875
339.28484
338.76221
338.24095
337.72115
337.20286
336.68615
336.17108
335.6577
335.14605
334.63618
334.12811
333.62186
333.11746
332.6149
332.1142
331.61533
331.1183
330.62306
330.12959
329.63784
329.14778
328.65934
328.17246
327.68708
327.20311
326.72048
326.23911
325.75889
325.27974
324.80156
324.32425
323.84769
323.37178
322.8964
322.42144
321.94679
321.47231
320.9979
320.52343
320.04877
319.5738
319.09838
318.62241
318.14573
317.66822
317.18976
316.7102
316.22942
315.74727
315.26362
314.77833
314.29125
313.80225
313.31117
312.81785
312.32216
311.82391
311.32296
310.81913
310.31225
309.80214
309.28861
308.7715
308.25061
307.72579
307.19685
306.66367
306.12612
305.58412
305.03763
339.79954
339.27015
338.7421
338.21552
337.6905
337.16715
336.64554
336.12575
335.60785
335.09189
334.57794
334.06602
333.55618
333.04843
332.54279
332.03928
331.53788
331.03859
330.54138
330.04624
329.55311
329.06195
328.57271
328.08533
327.59974
327.11587
326.63362
326.15292
325.67367
325.19578
324.71913
324.24363
323.76916
323.29561
322.82286
322.35079
321.87928
321.4082
320.93743
320.46684
319.9963
319.52567
319.05483
318.58364
318.11197
317.63968
317.16663
316.69269
316.21772
315.74158
315.26413
314.78522
314.30471
313.82246
313.33832
312.85214
312.36377
311.87305
311.37982
310.88393
310.38522
309.88351
309.37864
308.87046
308.35878
307.84346
307.32435
306.8013
306.2742
305.74295
305.20749
304.66779
339.26273
338.7289
338.1966
337.66594
337.13707
336.61007
336.08506
335.56212
335.04133
334.52274
334.00643
333.49244
332.98079
332.47153
331.96465
331.46018
330.9581
330.45841
329.96107
329.46605
328.97331
328.4828
327.99446
327.50821
327.02399
326.54171
326.06128
325.58261
325.10559
324.63013
324.1561
323.68339
323.21189
322.74147
322.27201
321.80338
321.33545
320.86809
320.40116
319.93453
319.46806
319.00161
318.53504
318.06822
317.601
317.13323
316.66479
316.19552
315.72528
315.25393
314.78132
314.3073
313.83174
313.35447
312.87534
312.39422
311.91095
311.42537
310.93732
310.44666
309.95323
309.45686
308.95741
308.45473
307.94865
307.43904
306.92578
306.40874
305.88781
305.36293
304.83404
304.30113
338.72323
338.18481
337.64811
337.11326
336.5804
336.04967
335.52116
334.99499
334.47123
333.94996
333.43124
332.91513
332.40166
331.89086
331.38274
330.87732
330.37458
329.87451
329.37707
328.88223
328.38994
327.90014
327.41276
326.92773
326.44497
325.96439
325.48588
325.00934
324.53467
324.06175
323.59046
323.12068
322.65228
322.18513
321.7191
321.25404
320.78984
320.32633
319.86339
319.40086
318.93861
318.47648
318.01434
317.55203
317.08941
316.62633
316.16264
315.6982
315.23284
314.76644
314.29882
313.82985
313.35937
312.88724
312.41329
311.93739
311.45937
310.97909
310.49638
310.01111
309.52312
309.03226
308.53838
308.04134
307.541
307.03725
306.52995
306.01901
305.50434
304.98588
304.46359
303.93744
338.18086
337.63768
337.09641
336.55722
336.02026
335.48566
334.95356
334.42406
333.89726
333.37323
332.85206
332.33379
331.81847
331.30612
330.79676
330.29039
329.78701
329.28659
328.7891
328.29449
327.80271
327.31369
326.82737
326.34365
325.86244
325.38365
324.90718
324.4329
323.9607
323.49045
323.02203
322.55531
322.09016
321.62642
321.16396
320.70263
320.2423
319.7828
319.32399
318.86573
318.40785
317.95021
317.49264
317.03501
316.57715
316.11891
315.66013
315.20066
314.74035
314.27905
313.81659
313.35282
312.88759
312.42075
311.95214
311.48161
311.00901
310.53418
310.05697
309.57724
309.09485
308.60963
308.12147
307.63022
307.13576
306.63797
306.13675
305.632
305.12365
304.61165
304.09597
303.57658
337.63541
337.08727
336.54127
335.99758
335.45636
334.91778
334.38196
333.84904
333.3191
332.79226
332.26857
331.7481
331.23089
330.71698
330.20638
329.69908
329.19508
328.69435
328.19685
327.70254
327.21134
326.72319
326.23801
325.75569
325.27615
324.79928
324.32495
323.85306
323.38346
322.91603
322.45063
321.98712
321.52535
321.06517
320.60644
320.149
319.6927
319.23737
318.78287
318.32902
317.87568
317.42268
316.96986
316.51707
316.06413
315.61089
315.15719
314.70287
314.24777
313.79172
313.33458
312.87618
312.41636
311.95497
311.49186
311.02686
310.55983
310.09061
309.61906
309.14502
308.66837
308.18895
307.70664
307.22131
306.73284
306.24112
305.74606
305.24758
304.74562
304.24011
303.73105
303.21841
337.08665
336.53336
335.98243
335.43406
334.88843
334.34572
333.80606
333.2696
332.73645
332.2067
331.68043
331.15772
330.63861
330.12312
329.61127
329.10306
328.59847
328.09748
327.60003
327.10608
326.61554
326.12835
325.6444
325.16361
324.68585
324.21101
323.73897
323.2696
322.80274
322.33828
321.87604
321.4159
320.95768
320.50123
320.04639
319.59301
319.1409
318.68991
318.23988
317.79063
317.342
316.89382
316.44592
315.99813
315.55028
315.10222
314.65377
314.20476
313.75503
313.30442
312.85276
312.39989
311.94565
311.48988
311.03242
310.57311
310.11181
309.64836
309.18261
308.71442
308.24365
307.77016
307.29383
306.81454
306.33217
305.84663
305.35782
304.86568
304.37014
303.87116
303.36872
302.86282
336.53435
335.97567
335.41961
334.86637
334.31616
333.76916
333.22553
332.68541
332.14894
331.61621
331.08731
330.56231
330.04125
329.52417
329.01109
328.50198
327.99685
327.49564
326.9983
326.50479
326.015
325.52886
325.04627
324.56711
324.09126
323.6186
323.14899
322.68228
322.21833
321.75699
321.29809
320.84147
320.38697
319.93443
319.48366
319.0345
318.58677
318.1403
317.69492
317.25045
316.8067
316.36352
315.92071
315.47811
315.03554
314.59283
314.1498
313.70628
313.2621
312.8171
312.37109
311.92393
311.47543
311.02544
310.5738
310.12035
309.66493
309.2074
308.74761
308.2854
307.82066
307.35323
306.88301
306.40987
305.93371
305.45443
304.97196
304.48621
303.99714
303.50471
303.00891
302.50972
335.97825
335.41395
334.85252
334.29421
333.73923
333.18777
332.64002
332.09612
331.55622
331.02042
330.48881
329.96147
329.43845
328.91978
328.40546
327.89549
327.38984
326.88848
326.39133
325.89834
325.40941
324.92443
324.44331
323.96592
323.49212
323.02178
322.55475
322.09088
321.62999
321.17194
320.71655
320.26365
319.81305
319.36459
318.91807
318.47333
318.03017
317.58841
317.14787
316.70835
316.26969
315.83169
315.39417
314.95694
314.51983
314.08266
313.64523
313.20739
312.76894
312.32972
311.88955
311.44825
311.00567
310.56164
310.11598
309.66855
309.21918
308.76772
308.31403
307.85796
307.39937
306.93814
306.47415
306.00727
305.53742
305.06449
304.58842
304.10912
303.62657
303.14071
302.65154
302.15905
335.41808
334.84789
334.28086
333.71725
333.15729
332.6012
332.04916
331.50135
330.9579
330.41894
329.88456
329.35484
328.82982
328.30954
327.79401
327.2832
326.7771
326.27564
325.77877
325.28639
324.79842
324.31474
323.83522
323.35974
322.88814
322.42029
321.956
321.49513
321.0375
320.58292
320.13123
319.68222
319.23572
318.79154
318.34948
317.90934
317.47095
317.0341
316.59859
316.16424
315.73086
315.29824
314.8662
314.43454
314.00308
313.57164
313.14001
312.70803
312.2755
311.84224
311.40808
310.97285
310.53636
310.09845
309.65895
309.2177
308.77453
308.32931
307.88187
307.43207
306.97978
306.52487
306.06722
305.60672
305.14326
304.67677
304.20716
303.73438
303.25837
302.77911
302.29657
301.81077
334.85354
334.27717
333.70428
333.13513
332.56998
332.00906
331.45257
330.90069
330.35358
329.81136
329.27413
328.74198
328.21495
327.69306
327.17633
326.66473
326.15822
325.65675
325.16024
324.66859
324.1817
323.69944
323.22168
322.74826
322.27904
321.81384
321.35249
320.89481
320.44061
319.98971
319.54191
319.09701
318.65481
318.21511
317.77771
317.3424
316.90898
316.47724
316.04699
315.61801
315.1901
314.76307
314.33672
313.91083
313.48523
313.05971
312.63408
312.20815
311.78173
311.35463
310.92668
310.49768
310.06746
309.63585
309.20268
308.76778
308.33099
307.89215
307.45111
307.00773
306.56187
306.11341
305.66222
305.20819
304.75123
304.29126
303.82818
303.36196
302.89253
302.41988
301.94398
301.46485
334.28432
333.70148
333.12243
332.54748
331.97691
331.41095
330.84982
330.29372
329.74282
329.19724
328.6571
328.12246
327.59339
327.0699
326.55199
326.03964
325.53281
325.03141
324.53536
324.04457
323.55889
323.0782
322.60235
322.13118
321.6645
321.20215
320.74392
320.28964
319.83909
319.39207
318.94838
318.5078
318.07012
317.63513
317.20261
316.77234
316.34411
315.91771
315.49292
315.06953
314.64733
314.2261
313.80564
313.38575
312.96621
312.54682
312.12739
311.70772
311.28761
310.86687
310.4453
310.02273
309.59897
309.17385
308.74718
308.3188
307.88854
307.45624
307.02176
306.58494
306.14565
305.70376
305.25914
304.8117
304.36133
303.90794
303.45147
302.99185
302.52904
302.06301
301.59375
301.12127
333.71008
333.12043
332.53493
331.9539
331.37764
330.80642
330.24046
329.67998
329.12515
328.57611
328.03297
327.49581
326.96468
326.4396
325.92055
325.40751
324.90042
324.3992
323.90374
323.41393
322.92962
322.45067
321.97691
321.50816
321.04423
320.58492
320.13004
319.67937
319.23269
318.78978
318.35042
317.9144
317.48147
317.05141
316.624
316.19901
315.77621
315.35538
314.93628
314.51871
314.10243
313.68723
313.2729
312.85921
312.44595
312.03291
311.61989
311.20669
310.79309
310.3789
309.96393
309.54799
309.13088
308.71242
308.29243
307.87074
307.44719
307.0216
306.59382
306.16371
305.73112
305.29593
304.85801
304.41725
303.97356
303.52684
303.07703
302.62406
302.1679
301.70852
301.2459
300.78005
333.13047
332.53365
331.94136
331.35395
330.77174
330.19501
329.62402
329.05899
328.50009
327.94748
327.40127
326.86154
326.32834
325.80167
325.28153
324.76787
324.26062
323.75968
323.26494
322.77627
322.2935
321.81647
321.34499
320.87887
320.4179
319.96187
319.51056
319.06373
318.62115
318.1826
317.74782
317.31659
316.88866
316.46379
316.04174
315.62227
315.20514
314.79011
314.37696
313.96544
313.55532
313.14639
312.7384
312.33114
311.92439
311.51793
311.11155
310.70502
310.29815
309.89073
309.48256
309.07343
308.66317
308.25157
307.83845
307.42363
307.00695
306.58824
306.16732
305.74407
305.31832
304.88996
304.45884
304.02487
303.58795
303.14798
302.70489
302.25863
301.80915
301.35642
300.90044
300.4412
332.54509
331.94072
331.34129
330.74717
330.15871
329.57623
328.99998
328.4302
327.8671
327.31081
326.76145
326.21912
325.68383
325.15561
324.63443
324.12023
323.61293
323.11241
322.61854
322.13117
321.65012
321.17521
320.70624
320.24297
319.7852
319.33268
318.88518
318.44245
318.00423
317.57029
317.14036
316.71418
316.29151
315.87208
315.45565
315.04196
314.63075
314.22179
313.81482
313.40961
313.0059
312.60347
312.20208
311.8015
311.40149
311.00183
310.6023
310.20268
309.80276
309.40232
309.00116
308.59906
308.19584
307.79129
307.38523
306.97748
306.56785
306.15617
305.74229
305.32604
304.90727
304.48586
304.06168
303.6346
303.20454
302.7714
302.3351
301.89558
301.45281
301.00676
300.55741
300.10477
331.95353
331.34118
330.73422
330.13305
329.53804
328.94952
328.36778
327.79307
327.2256
326.66552
326.11295
325.56797
325.03061
324.50088
323.97872
323.46408
322.95684
322.45689
321.96407
321.47819
320.99908
320.52651
320.06027
319.6001
319.14578
318.69704
318.25362
317.81525
317.38168
316.95262
316.5278
316.10696
315.68982
315.27611
314.86557
314.45793
314.05292
313.65029
313.24977
312.85112
312.45409
312.05841
311.66386
311.2702
310.87717
310.48456
310.09212
309.69965
309.3069
308.91366
308.51972
308.12487
307.7289
307.33161
306.93281
306.5323
306.1299
305.72544
305.31874
304.90966
304.49802
304.0837
303.66656
303.24649
302.82339
302.39715
301.9677
301.53499
301.09896
300.65959
300.21687
299.7708
331.35533
330.73457
330.11966
329.51105
328.90914
328.3143
327.72682
327.14698
326.57499
326.01101
325.45515
324.90751
324.36808
323.83688
323.31384
322.79887
322.29185
321.79263
321.30105
320.81689
320.33993
319.86995
319.4067
318.94991
318.49931
318.05462
317.61557
317.18187
316.75322
316.32934
315.90993
315.49472
315.0834
314.67571
314.27134
313.87004
313.4715
313.07548
312.68169
312.28988
311.89978
311.51113
311.12368
310.73719
310.3514
309.96608
309.58098
309.19588
308.81054
308.42474
308.03825
307.65087
307.26236
306.87254
306.48119
306.08813
305.69315
305.29608
304.89675
304.49498
304.09062
303.68353
303.27357
302.86061
302.44456
302.02531
301.60278
301.17691
300.74766
300.31499
299.8789
299.43939
330.75002
330.12034
329.49703
328.88058
328.27142
327.66993
327.07646
326.49127
325.9146
325.3466
324.78741
324.23707
323.69562
323.16301
322.63918
322.12402
321.61739
321.11911
320.62898
320.14677
319.67223
319.20511
318.74513
318.292
317.84543
317.40511
316.97074
316.542
316.1186
315.70021
315.28653
314.87726
314.47208
314.0707
313.67281
313.27814
312.88638
312.49726
312.11048
311.72579
311.3429
310.96155
310.58147
310.20242
309.82413
309.44635
309.06885
308.69137
308.31368
307.93555
307.55675
307.17706
306.79624
306.4141
306.03042
305.645
305.25763
304.86814
304.47635
304.08207
303.68514
303.28542
302.88276
302.47704
302.06814
301.65596
301.24042
300.82145
300.39901
299.97305
299.54358
299.1106
330.13707
329.49794
328.86574
328.241
327.62419
327.01574
326.41599
325.82524
325.24372
324.67161
324.10901
323.55598
323.01253
322.47861
321.95413
321.43894
320.93289
320.43576
319.94733
319.46734
318.99551
318.53155
318.07516
317.62601
317.18379
316.74817
316.31881
315.89538
315.47756
315.065
314.65738
314.25437
313.85565
313.46091
313.06982
312.6821
312.29742
311.9155
311.53604
311.15875
310.78337
310.4096
310.03718
309.66584
309.29531
308.92535
308.55569
308.1861
307.81631
307.4461
307.07522
306.70345
306.33056
305.95632
305.58052
305.20295
304.82341
304.44169
304.05761
303.67099
303.28166
302.88946
302.49424
302.09587
301.69422
301.28921
300.88072
300.46871
300.05311
299.63389
299.21104
298.78456
329.51592
328.86674
328.22512
327.59162
326.96675
326.35097
325.74465
325.14811
324.56158
323.98524
323.4192
322.86349
322.31811
321.78299
321.258
320.74298
320.23773
319.74202
319.25557
318.77809
318.30929
317.84882
317.39636
316.95155
316.51403
316.08347
315.65948
315.24173
314.82984
314.42346
314.02225
313.62586
313.23394
312.84618
312.46223
312.08177
311.7045
311.3301
310.95826
310.5887
310.22111
309.85522
309.49074
309.12739
308.76492
308.40304
308.0415
307.68005
307.31843
306.95639
306.59368
306.23008
305.86534
305.49924
305.13155
304.76205
304.39053
304.01678
303.64061
303.26183
302.88027
302.49574
302.1081
301.71721
301.32294
300.92517
300.52383
300.11882
299.7101
299.29762
298.88139
298.46139
328.88593
328.22608
327.57445
326.93167
326.29829
325.67481
325.06161
324.45904
323.86734
323.28668
322.71716
322.15881
321.61159
321.0754
320.55009
320.03546
319.53128
319.03726
318.55311
318.0785
317.61307
317.15646
316.7083
316.26821
315.83579
315.41067
314.99245
314.58074
314.17517
313.77536
313.38093
312.99153
312.60678
312.22635
311.84988
311.47704
311.10751
310.74095
310.37706
310.01553
309.65606
309.29834
308.9421
308.58705
308.23291
307.8794
307.52626
307.17322
306.82003
306.46642
306.11215
305.75697
305.40063
305.04291
304.68355
304.32235
303.95907
303.59351
303.22545
302.8547
302.48107
302.10438
301.72447
301.34119
300.95441
300.564
300.16987
299.77193
299.37012
298.96441
298.55479
298.14125
328.24645
327.57522
326.91295
326.26033
325.61796
324.98636
324.36596
323.75712
323.16009
322.57502
322.00202
321.44107
320.89212
320.35504
319.82964
319.31567
318.81285
318.32087
317.83938
317.368
316.90634
316.45399
316.01055
315.57559
315.14869
314.72943
314.31739
313.91216
313.51332
313.12047
312.73322
312.35119
311.97399
311.60126
311.23264
310.86778
310.50633
310.14797
309.79236
309.43919
309.08815
308.73893
308.39123
308.04477
307.69926
307.35441
307.00995
306.66561
306.32112
305.97622
305.63065
305.28414
304.93647
304.58736
304.23659
303.88392
303.52912
303.17195
302.81221
302.44969
302.08418
301.71551
301.34349
300.96797
300.58879
300.20584
299.81901
299.4282
299.03336
298.63443
298.23141
297.82429
327.59673
326.91336
326.23976
325.57668
324.92478
324.28464
323.65671
323.04136
322.43883
321.8493
321.27281
320.70936
320.15884
319.62108
319.09585
318.58284
318.08174
317.59218
317.11375
316.64602
316.18857
315.74094
315.30267
314.8733
314.45237
314.03943
313.63402
313.23569
312.84402
312.45856
312.07891
311.70466
311.33541
310.97078
310.61039
310.25387
309.90087
309.55105
309.20407
308.8596
308.51732
308.17692
307.83809
307.50053
307.16395
306.82806
306.49258
306.15722
305.82172
305.4858
305.1492
304.81165
304.47289
304.13267
303.79074
303.44684
303.10075
302.75221
302.40101
302.04693
301.68974
301.32927
300.96531
300.59769
300.22626
299.85089
299.47144
299.08784
298.7
298.30787
297.91145
297.51073
326.93597
326.2396
325.5539
324.8797
324.21772
323.56858
322.93276
322.31065
321.70249
321.10843
320.52852
319.96269
319.41079
318.87262
318.34787
317.8362
317.33722
316.8505
316.37558
315.91199
315.45924
315.01681
314.58421
314.16093
313.74647
313.34033
312.94202
312.55108
312.16703
311.78942
311.41781
311.05177
310.69089
310.33476
309.98299
309.63521
309.29104
308.95013
308.61213
308.27671
307.94353
307.61228
307.28264
306.9543
306.62697
306.30035
305.97414
305.64807
305.32185
304.9952
304.66785
304.33953
304.00997
303.6789
303.34606
303.0112
302.67406
302.3344
301.99197
301.64654
301.2979
300.94581
300.59009
300.23054
299.86701
299.49933
299.12737
298.75105
298.37026
297.98496
297.59513
297.20077
326.26328
325.55297
324.85433
324.16828
323.49561
322.83698
322.19291
321.56379
320.94987
320.35128
319.76801
319.19997
318.64696
318.10868
317.5848
317.07489
316.57849
316.09511
315.62423
315.16531
314.71779
314.28111
313.85472
313.43807
313.03061
312.6318
312.24112
311.85806
311.48212
311.11284
310.74973
310.39235
310.04028
309.69307
309.35034
309.01169
308.67674
308.34512
308.01648
307.69046
307.36673
307.04497
306.72486
306.40607
306.08831
305.77126
305.45465
305.13816
304.82152
304.50444
304.18664
303.86783
303.54775
303.22611
302.90264
302.57708
302.24917
301.91863
301.58522
301.24869
300.9088
300.56531
300.21803
299.86673
299.51124
299.15139
298.78704
298.41807
298.04439
297.66595
297.2827
296.89467
325.57766
324.85238
324.13988
323.44118
322.75715
322.08851
321.43582
320.79946
320.17968
319.57657
318.99008
318.42007
317.86625
317.32826
316.80569
316.29804
315.80476
315.32529
314.85903
314.40536
313.96367
313.53335
313.11377
312.70433
312.30444
311.91353
311.53102
311.15638
310.78908
310.42862
310.07451
309.72627
309.38345
309.04562
308.71235
308.38325
308.05791
307.73597
307.41705
307.10081
306.7869
306.47498
306.16473
305.85582
305.54796
305.24082
304.93411
304.62752
304.32077
304.01356
303.70561
303.39661
303.0863
302.77438
302.46057
302.1446
301.82618
301.50503
301.1809
300.85352
300.52262
300.18797
299.84932
299.50647
299.1592
298.80733
298.4507
298.08918
297.72268
297.35111
296.97445
296.5927
324.87803
324.13661
323.40922
322.69699
322.0009
321.32171
320.66001
320.01619
319.39048
318.78292
318.19341
317.62172
317.06749
316.53027
316.00955
315.50473
315.01519
314.54026
314.07927
313.63153
313.19634
312.77302
312.3609
311.95932
311.56763
311.18521
310.81147
310.44582
310.0877
309.7366
309.39198
309.05337
308.72029
308.39228
308.06892
307.74979
307.43449
307.12262
306.81382
306.50773
306.20399
305.90227
305.60224
305.30356
305.00592
304.70902
304.41253
304.11617
303.81962
303.5226
303.2248
302.92593
302.62569
302.32379
302.01994
301.71384
301.40521
301.09374
300.77917
300.4612
300.13956
299.81398
299.48421
299.15
298.81114
298.46741
298.11864
297.76469
297.40542
297.04078
296.6707
296.29519
324.16316
323.40429
322.66087
321.93416
321.22523
320.53492
319.86383
319.21236
318.5807
317.96883
317.37656
316.80358
316.24943
315.71355
315.1953
314.694
314.2089
313.73925
313.28428
312.8432
312.41524
311.99966
311.5957
311.20266
310.81984
310.44657
310.08221
309.72615
309.3778
309.0366
308.70202
308.37355
308.05069
307.73299
307.41999
307.11127
306.80642
306.50504
306.20675
305.9112
305.61801
305.32685
305.03738
304.74928
304.46221
304.17587
303.88995
303.60413
303.31812
303.0316
302.74427
302.45584
302.16599
301.87442
301.58084
301.28493
300.98638
300.6849
300.38018
300.07191
299.75981
299.44357
299.12292
298.7976
298.46735
298.13195
297.79119
297.44492
297.09298
296.73529
296.37179
296.00249
323.43169
322.6539
321.89317
321.15092
320.42833
319.72629
319.04544
318.38617
317.74859
317.13262
316.53798
315.96421
315.41074
314.87687
314.36185
313.86485
313.38502
312.92147
312.47334
312.03975
311.61984
311.21278
310.81776
310.434
310.06077
309.69733
309.34302
308.99718
308.6592
308.3285
308.00451
307.68671
307.37459
307.06767
306.7655
306.46764
306.17367
305.8832
305.59583
305.31119
305.02894
304.74871
304.47017
304.19299
303.91684
303.64141
303.36638
303.09144
302.81628
302.5406
302.26407
301.9864
301.70727
301.42636
301.14337
300.85797
300.56984
300.27866
299.98411
299.68585
299.38358
299.07697
298.76573
298.44954
298.12814
297.80128
297.46871
297.13024
296.78573
296.43504
296.07813
295.71499
322.68205
321.88368
321.10422
320.34525
319.6081
318.89372
318.20277
317.53559
316.89223
316.27249
315.67596
315.10204
314.54999
314.01897
313.50805
313.01626
312.54262
312.08612
311.64576
311.22057
310.8096
310.41193
310.02669
309.65302
309.29013
308.93727
308.5937
308.25876
307.93178
307.61217
307.29935
306.99277
306.69191
306.39628
306.10542
305.81888
305.53623
305.25708
304.98104
304.70772
304.43678
304.16785
303.9006
303.6347
303.36983
303.10565
302.84185
302.57813
302.31417
302.04965
301.78426
301.51768
301.2496
300.9797
300.70763
300.43308
300.15571
299.87517
299.59112
299.30322
299.01111
298.71445
298.4129
298.10615
297.79386
297.47576
297.15157
296.82108
296.4841
296.14049
295.79018
295.43313
321.91248
321.09164
320.29183
319.51486
318.76218
318.03483
317.33347
316.65836
316.00947
315.38644
314.78867
314.21539
313.66567
313.13847
312.63269
312.14718
311.6808
311.23241
310.80086
310.38509
309.98404
309.5967
309.22212
308.85941
308.50769
308.16617
307.83409
307.51074
307.19543
306.88754
306.58648
306.29168
306.00262
305.71879
305.43972
305.16497
304.8941
304.6267
304.3624
304.1008
303.84155
303.5843
303.32871
303.07445
302.82119
302.56861
302.3164
302.06423
301.8118
301.55879
301.30488
301.04975
300.79307
300.5345
300.27373
300.01038
299.74412
299.47459
299.2014
298.92421
298.64262
298.35626
298.06476
297.76774
297.46487
297.1558
296.84023
296.5179
296.18859
295.85213
295.50842
295.15744
321.12097
320.27548
319.45349
318.65708
317.88785
317.14691
316.43489
315.75198
315.09795
314.47226
313.87411
313.30247
312.75618
312.23398
311.73455
311.25655
310.79865
310.35955
309.93799
309.53275
309.14268
308.7667
308.40377
308.05292
307.71324
307.38389
307.06406
306.75302
306.45007
306.15456
305.86587
305.58344
305.30672
305.03521
304.76843
304.50593
304.24728
303.99207
303.73992
303.49044
303.24328
302.99808
302.75452
302.51225
302.27097
302.03034
301.79005
301.54979
301.30924
301.06808
300.82599
300.58265
300.33772
300.09087
299.84174
299.58998
299.33521
299.07706
298.81514
298.54904
298.27836
298.00269
297.7216
297.43469
297.14157
296.84184
296.53516
296.2212
295.89972
295.57051
295.23344
294.88847
320.30517
319.43251
318.58628
317.76884
316.98198
316.22686
315.50404
314.81358
314.15502
313.52757
312.93012
312.36137
311.81986
311.30405
310.81239
310.3433
309.89527
309.46681
309.05651
308.66304
308.28513
307.9216
307.57135
307.23334
306.90662
306.59029
306.28353
305.98556
305.69567
305.4132
305.13751
304.86803
304.60421
304.34555
304.09156
303.84179
303.59582
303.35323
303.11364
302.87668
302.64199
302.40923
302.17805
301.94815
301.71919
301.49086
301.26284
301.03483
300.8065
300.57755
300.34764
300.11645
299.88364
299.64887
299.41177
299.17198
298.9291
298.68275
298.4325
298.17793
297.91858
297.65402
297.38377
297.10738
296.82439
296.53436
296.23688
295.93157
295.61812
295.29627
294.96588
294.62687
319.46237
318.55961
317.68675
316.84651
316.04089
315.27106
314.53748
313.83996
313.17776
312.54973
311.95438
311.39006
310.85495
310.3472
309.86495
309.4064
308.9698
308.55348
308.15587
307.77551
307.41102
307.06113
306.72466
306.40053
306.08772
305.78532
305.49245
305.20834
304.93224
304.66348
304.40143
304.14551
303.89515
303.64987
303.40917
303.17261
302.93976
302.71022
302.48362
302.25957
302.03774
301.81778
301.59936
301.38217
301.16589
300.9502
300.73481
300.51939
300.30363
300.08723
299.86986
299.65119
299.43087
299.20856
298.98389
298.75648
298.52592
298.29179
298.05366
297.81107
297.56353
297.31055
297.05161
296.7862
296.5138
296.23388
295.94597
295.64962
295.34445
295.03014
294.70648
294.37338
318.58935
317.65304
316.75081
315.88583
315.06029
314.27536
313.53128
312.82752
312.16293
311.53588
310.94442
310.38643
309.85967
309.36194
308.89104
308.44487
308.02146
307.61895
307.23559
306.8698
306.52008
306.18509
305.86358
305.5544
305.25652
304.96896
304.69086
304.4214
304.15983
303.90549
303.65772
303.41594
303.17962
302.94824
302.72134
302.49846
302.27918
302.06313
301.84991
301.63918
301.43058
301.22379
301.01849
300.81437
300.61111
300.40842
300.20598
300.0035
299.80067
299.59718
299.3927
299.18691
298.97946
298.77001
298.55817
298.34356
298.12576
297.90432
297.67879
297.44868
297.21345
296.97258
296.72549
296.47159
296.21028
295.94097
295.66309
295.37609
295.07949
294.77292
294.45608
294.12886
317.68228
316.70831
315.77354
314.88168
314.0351
313.23488
312.48092
311.7722
311.10695
310.48294
309.89762
309.34829
308.83225
308.34683
307.88948
307.4578
307.04955
306.66268
306.29528
305.94563
305.61214
305.29339
304.98806
304.69497
304.41304
304.14129
303.87883
303.62483
303.37855
303.13931
302.90647
302.67946
302.45773
302.24079
302.02817
301.81944
301.61418
301.41203
301.21261
301.01557
300.82059
300.62733
300.4355
300.24479
300.0549
299.86553
299.6764
299.4872
299.29763
299.10739
298.91617
298.72364
298.52945
298.33325
298.13466
297.93329
297.7287
297.52044
297.30803
297.09092
296.86858
296.6404
296.40575
296.16396
295.91436
295.65624
295.38892
295.11174
294.82412
294.52554
294.21567
293.89429
316.73654
315.71996
314.74895
313.82787
312.95925
312.14392
311.38123
310.66941
310.00589
309.38761
308.81125
308.27346
307.77093
307.3005
306.85923
306.4444
306.0535
305.68428
305.33469
305.00286
304.68714
304.38602
304.09815
303.82231
303.55741
303.30244
303.05651
302.8188
302.58856
302.36512
302.14786
301.9362
301.72962
301.52764
301.32979
301.13567
300.94487
300.75704
300.5718
300.38884
300.20783
300.02847
299.85045
299.67349
299.4973
299.32159
299.14609
298.9705
298.79454
298.61791
298.4403
298.26139
298.08084
297.8983
297.71339
297.52571
297.33482
297.14025
296.94148
296.73798
296.52912
296.31428
296.09274
295.86377
295.62657
295.38034
295.12424
294.85748
294.57931
294.2891
293.98636
293.67081
315.74643
314.68118
313.6696
312.71683
311.82545
310.99577
310.22626
309.51407
308.8555
308.24641
307.68257
307.15977
306.67406
306.22173
305.79942
305.40406
305.03292
304.68353
304.35371
304.04149
303.74515
303.46312
303.19403
302.93664
302.68983
302.45263
302.22413
302.00352
301.79008
301.58314
301.38209
301.18637
300.99549
300.80897
300.62638
300.44731
300.2714
300.09827
299.92761
299.75909
299.59241
299.42727
299.2634
299.10052
298.93835
298.77663
298.61508
298.45343
298.29141
298.12872
297.96507
297.80016
297.63363
297.46516
297.29437
297.12084
296.94414
296.76378
296.57925
296.38996
296.19526
295.99447
295.78681
295.57144
295.34748
295.11395
294.86988
294.61427
294.3462
294.06482
293.76948
293.45979
314.70481
313.58336
312.52614
311.53915
310.62482
309.78249
309.00921
308.30053
307.65124
307.05582
306.50885
306.00522
305.54019
305.10952
304.70939
304.33642
303.98763
303.66041
303.35244
303.06169
302.78639
302.52495
302.27597
302.03823
301.81062
301.59217
301.38199
301.1793
300.98339
300.79362
300.6094
300.43021
300.25555
300.08499
299.91812
299.75454
299.59391
299.43589
299.28016
299.12643
298.97442
298.82384
298.67443
298.52594
298.37811
298.23068
298.08339
297.936
297.78824
297.63983
297.49049
297.33992
297.18781
297.03381
296.87756
296.71865
296.55665
296.39106
296.22136
296.04694
295.86712
295.68117
295.48824
295.28739
295.07761
294.85779
294.62673
294.38322
294.12607
293.85417
293.56662
293.26285
313.60253
312.41534
311.30651
310.28301
309.34657
308.49475
307.72237
307.02268
306.38841
305.81232
305.28759
304.80806
304.36821
303.96319
303.5888
303.24137
302.91773
302.61512
302.33118
302.06383
301.81127
301.57192
301.34441
301.12752
300.92018
300.72145
300.53046
300.34648
300.16882
299.99688
299.8301
299.66798
299.51007
299.35594
299.20522
299.05755
298.91259
298.77004
298.6296
298.491
298.35397
298.21826
298.08362
297.94982
297.81662
297.68377
297.55105
297.41822
297.28502
297.15121
297.01651
296.88065
296.74331
296.60418
296.4629
296.31908
296.17229
296.02204
295.8678
295.70894
295.54478
295.37451
295.19725
295.01197
294.8175
294.61257
294.39575
294.16554
293.92039
293.65885
293.37966
293.08197
312.42749
311.1622
309.9949
308.93333
307.97744
307.12163
306.35717
305.67409
305.06239
304.51271
304.01669
303.56703
303.15743
302.78252
302.43774
302.11921
301.82363
301.5482
301.2905
301.04849
300.82038
300.60463
300.39991
300.20506
300.01904
299.84096
299.67002
299.50551
299.3468
299.19331
299.04454
298.90002
298.75933
298.62209
298.48795
298.35656
298.22765
298.10091
297.97609
297.85292
297.73118
297.61064
297.49105
297.37222
297.25392
297.13595
297.01807
296.90008
296.78174
296.66283
296.54309
296.42226
296.30007
296.17619
296.05031
295.92204
295.79097
295.65662
295.51847
295.3759
295.2282
295.07455
294.914
294.74545
294.5676
294.37898
294.17791
293.96253
293.73085
293.48091
293.21092
292.91958
311.16313
309.80331
308.56994
307.47064
306.50124
305.65056
304.90442
304.24835
303.66893
303.15439
302.69473
302.28153
301.90782
301.56784
301.25678
300.97065
300.70615
300.46046
300.23124
300.01649
299.81451
299.62383
299.4432
299.27151
299.10783
298.95131
298.80121
298.6569
298.51778
298.38334
298.25312
298.12669
298.00368
297.88374
297.76656
297.65183
297.5393
297.4287
297.31979
297.21236
297.10619
297.00108
296.89682
296.79321
296.69008
296.58722
296.48445
296.38157
296.27836
296.17463
296.07015
295.96468
295.85796
295.74972
295.63963
295.52736
295.41251
295.29463
295.17321
295.04765
294.91726
294.7812
294.63849
294.48797
294.32823
294.15762
293.97416
293.77559
293.55935
293.32277
293.06326
292.7788
309.78563
308.30888
307.00207
305.86964
304.89845
304.0676
303.3548
302.73966
302.20478
301.73584
301.3213
300.95189
300.62017
300.32019
300.04708
299.79693
299.5665
299.35311
299.15454
298.96892
298.79467
298.63046
298.47513
298.32769
298.18729
298.05316
297.92466
297.80121
297.68229
297.56744
297.45627
297.34839
297.24348
297.14123
297.04136
296.94363
296.84778
296.75361
296.66091
296.56948
296.47913
296.3897
296.301
296.21286
296.12513
296.03763
295.9502
295.86267
295.77485
295.68656
295.59761
295.50779
295.41687
295.32459
295.23069
295.13483
295.03668
294.93581
294.83175
294.72394
294.6117
294.49423
294.37056
294.23948
294.09953
293.94889
293.78533
293.60612
293.40801
293.18734
292.94032
292.66367
308.25836
306.63359
305.24935
304.09762
303.14636
302.35838
301.70007
301.14392
300.66845
300.25718
299.89748
299.57969
299.2963
299.04146
298.81054
298.59983
298.40637
298.22771
298.06184
297.9071
297.7621
297.62565
297.49674
297.37453
297.25826
297.1473
297.04108
296.9391
296.84092
296.74617
296.65449
296.56557
296.47912
296.39491
296.31268
296.23223
296.15336
296.07589
295.99964
295.92444
295.85015
295.77662
295.70369
295.63124
295.55912
295.48719
295.41532
295.34335
295.27114
295.19853
295.12536
295.05146
294.97661
294.90062
294.82324
294.7442
294.66318
294.57984
294.49373
294.40436
294.31111
294.21323
294.1098
293.99966
293.88134
293.75293
293.612
293.45538
293.27907
293.07809
292.84679
292.5797
306.5192
304.70412
303.2514
302.11361
301.22068
300.51033
299.93495
299.46012
299.06127
298.72088
298.42624
298.16801
297.93919
297.73447
297.54973
297.38174
297.22792
297.08621
296.95491
296.83263
296.71821
296.61067
296.5092
296.41308
296.32172
296.23459
296.15124
296.07127
295.99432
295.92009
295.84829
295.77869
295.71105
295.64517
295.58086
295.51796
295.45631
295.39576
295.33618
295.27743
295.2194
295.16196
295.105
295.04842
294.99209
294.93592
294.87978
294.82357
294.76717
294.71045
294.65328
294.59551
294.537
294.47757
294.41702
294.35513
294.29165
294.22628
294.15866
294.08837
294.01489
293.93756
293.85557
293.76786
293.67307
293.56935
293.45422
293.32424
293.17466
292.99901
292.78889
292.53477
304.44622
302.39442
300.92263
299.87099
299.10056
298.51702
298.06032
297.69237
297.38856
297.13246
296.91281
296.72163
296.55314
296.40303
296.26803
296.14561
296.03378
295.93093
295.8358
295.74732
295.66463
295.58698
295.51378
295.4445
295.37869
295.31597
295.256
295.19848
295.14317
295.08982
295.03825
294.98826
294.9397
294.89241
294.84627
294.80114
294.75692
294.71349
294.67076
294.62864
294.58703
294.54585
294.50502
294.46446
294.42409
294.38383
294.34359
294.3033
294.26287
294.2222
294.18121
294.13979
294.09782
294.05517
294.01171
293.96727
293.92166
293.87465
293.82598
293.77532
293.72228
293.66634
293.60686
293.543
293.4736
293.39708
293.31119
293.21259
293.09624
292.95431
292.77483
292.54096
301.74698
299.47959
298.15329
297.33066
296.78001
296.38551
296.08718
295.85203
295.66065
295.50092
295.36489
295.24711
295.14372
295.0519
294.96952
294.89496
294.82697
294.76452
294.70682
294.65321
294.60315
294.55618
294.51192
294.47006
294.43031
294.39244
294.35625
294.32155
294.28819
294.25603
294.22494
294.19482
294.16556
294.13707
294.10928
294.08211
294.05548
294.02933
294.00361
293.97825
293.95321
293.92843
293.90386
293.87945
293.85516
293.83093
293.80672
293.78248
293.75815
293.73368
293.70901
293.68407
293.65881
293.63313
293.60696
293.58019
293.5527
293.52436
293.49499
293.4644
293.43234
293.39847
293.36239
293.32353
293.28113
293.2341
293.1808
293.11865
293.04334
292.94708
292.81504
292.61866
297.53511
295.58539
294.85391
294.49889
294.28814
294.14544
294.04049
293.95901
293.89329
293.83876
293.79251
293.75259
293.71763
293.68663
293.65886
293.63375
293.61088
293.58988
293.5705
293.5525
293.5357
293.51994
293.5051
293.49107
293.47775
293.46507
293.45294
293.44133
293.43016
293.41939
293.40899
293.39891
293.38912
293.37959
293.37029
293.3612
293.3523
293.34356
293.33496
293.32648
293.31811
293.30983
293.30161
293.29346
293.28534
293.27724
293.26915
293.26105
293.25292
293.24474
293.2365
293.22816
293.21972
293.21114
293.20239
293.19344
293.18425
293.17477
293.16495
293.15472
293.14398
293.13263
293.12053
293.10748
293.0932
293.07731
293.0592
293.03784
293.01136
292.97559
292.91952
292.8069
)
;

boundaryField
{
    topWall
    {
        type            fixedValue;
        value           uniform 293;
    }
    rightWall
    {
        type            externalWallHeatFluxTemperature;
        refValue        uniform 278;
        refGradient     uniform 0;
        valueFraction   nonuniform List<scalar> 
60
(
0.010070193
0.010081572
0.010092392
0.010102846
0.010113033
0.010123013
0.010132827
0.0101425
0.010152054
0.010161503
0.010170861
0.010180137
0.010189338
0.010198471
0.010207542
0.010216555
0.010225514
0.010234421
0.01024328
0.010252091
0.010260857
0.010269577
0.010278253
0.010286885
0.010295471
0.010304012
0.010312506
0.010320952
0.010329346
0.010337687
0.010345972
0.010354197
0.010362357
0.010370449
0.010378466
0.010386403
0.010394254
0.010402009
0.010409662
0.010417202
0.010424618
0.010431898
0.010439029
0.010445996
0.01045278
0.010459363
0.01046572
0.010471825
0.010477648
0.010483153
0.010488295
0.010493022
0.010497269
0.010500953
0.010503968
0.010506167
0.010507343
0.010507178
0.010505138
0.010500203
)
;
        value           nonuniform List<scalar> 
60
(
309.5988
309.13172
308.68855
308.26132
307.84583
307.43957
307.04089
306.64866
306.26201
305.88029
305.50298
305.12967
304.76002
304.39375
304.03064
303.67048
303.31312
302.95843
302.6063
302.25665
301.90941
301.56454
301.22201
300.88181
300.54395
300.20844
299.87533
299.54467
299.21654
298.89102
298.56822
298.24827
297.93132
297.61754
297.30711
297.00026
296.69723
296.39831
296.10379
295.81404
295.52945
295.25045
294.97755
294.71132
294.45238
294.20148
293.95946
293.72729
293.50611
293.29726
293.10235
292.92333
292.76263
292.62332
292.5094
292.42632
292.38189
292.38807
292.46503
292.6514
)
;
        kappa           solidThermo;
        kappaName       kappa;
        QrPrevious      uniform 0;
        Qr              none;
        relaxation      1;
        h               uniform 20;
        Ta              uniform 278;
        thicknessLayers 0();
        kappaLayers     0();
    }
    defaultFaces
    {
        type            empty;
    }
    Shaded_to_unShaded
    {
        type            compressible::turbulentTemperatureCoupledBaffleMixed;
        refValue        nonuniform List<scalar> 
132
(
347.02791
346.52811
346.02194
345.51208
344.99956
344.48486
343.9682
343.44968
342.92933
342.40714
341.88304
341.35695
340.82876
340.29835
339.76557
339.23025
338.69223
338.15132
337.60729
337.05995
336.50904
335.95431
335.39549
334.83228
334.26437
333.69143
333.1131
332.52899
331.93869
331.34175
330.73768
330.12598
329.50608
328.87736
328.23915
327.59074
326.93131
326.26
325.57583
324.87772
324.16446
323.43472
322.68698
321.9195
321.13032
320.31718
319.47745
318.60803
317.70529
316.76483
315.78134
314.74825
313.65731
312.49801
311.25669
309.91561
308.45257
306.84637
305.11303
303.50094
347.07086
346.61274
346.14701
345.67654
345.20259
344.72586
344.24679
343.76569
343.2828
342.79831
342.31237
341.82511
341.33661
340.84699
340.3563
339.86461
339.37197
338.87842
338.384
337.88873
337.39262
336.8957
336.39797
335.89942
335.40006
334.89988
334.39885
333.89697
333.39421
332.89054
332.38594
331.88037
331.37381
330.86621
330.35753
329.84773
329.33677
328.8246
328.31118
327.79647
327.2804
326.76293
326.24402
325.72361
325.20166
324.6781
324.15291
323.62601
323.09737
322.56694
322.03468
321.50052
320.96444
320.42639
319.88632
319.3442
318.79999
318.25364
317.70514
317.15445
316.60154
316.04638
315.48897
314.92929
314.36734
313.80315
313.23675
312.66827
312.09794
311.52638
310.95528
310.39046
)
;
        refGradient     uniform 0;
        valueFraction   nonuniform List<scalar> 
132
(
0.52808719
0.52836881
0.52865312
0.5289394
0.52922731
0.52951667
0.52980741
0.53009949
0.53039291
0.53068771
0.53098392
0.5312816
0.53158083
0.53188168
0.53218425
0.53248864
0.53279495
0.53310331
0.53341384
0.53372668
0.53404198
0.53435989
0.5346806
0.53500427
0.53533111
0.53566133
0.53599514
0.5363328
0.53667456
0.53702071
0.53737155
0.53772742
0.53808866
0.53845568
0.5388289
0.53920879
0.53959586
0.53999069
0.54039391
0.54080622
0.54122841
0.54166137
0.54210611
0.54256377
0.54303568
0.54352336
0.54402861
0.54455355
0.54510072
0.5456732
0.5462748
0.54691034
0.547586
0.54831001
0.54909371
0.54995339
0.55091397
0.55201666
0.55333702
0.55503406
0.52807455
0.52833262
0.5285941
0.52885808
0.52912405
0.52939173
0.52966089
0.52993138
0.53020309
0.53047593
0.5307498
0.53102465
0.53130043
0.53157709
0.5318546
0.53213291
0.53241202
0.53269188
0.5329725
0.53325385
0.53353593
0.53381874
0.53410227
0.53438653
0.53467152
0.53495725
0.53524372
0.53553096
0.53581898
0.5361078
0.53639743
0.5366879
0.53697923
0.53727144
0.53756457
0.53785864
0.53815367
0.5384497
0.53874676
0.53904488
0.53934409
0.53964443
0.53994593
0.54024862
0.54055253
0.54085771
0.54116418
0.54147199
0.54178115
0.54209172
0.54240372
0.54271718
0.54303214
0.54334863
0.54366669
0.54398635
0.54430763
0.54463057
0.54495521
0.54528156
0.54560967
0.54593956
0.54627126
0.54660481
0.54694024
0.54727758
0.54761687
0.54795816
0.54830148
0.54864691
0.54899452
0.54934444
)
;
        value           nonuniform List<scalar> 
132
(
346.81776
346.31314
345.80422
345.29231
344.77805
344.26175
343.74357
343.22356
342.70173
342.17804
341.65242
341.12477
340.59498
340.06291
339.52841
338.99131
338.45143
337.90858
337.36253
336.81306
336.25992
335.70284
335.14156
334.57576
334.00511
333.42928
332.84789
332.26055
331.66681
331.06623
330.45829
329.84246
329.21815
328.58472
327.94147
327.28765
326.6224
325.9448
325.25384
324.54835
323.82708
323.08857
322.3312
321.55312
320.7522
319.92596
319.07152
318.18547
317.26371
316.30129
315.29209
314.22838
313.10021
311.8944
310.59278
309.16923
307.58385
305.77075
303.60924
300.8462
346.84044
346.37798
345.90987
345.43775
344.96252
344.48474
344.00479
343.52294
343.03943
342.55442
342.06805
341.58044
341.0917
340.6019
340.11112
339.61942
339.12685
338.63344
338.13923
337.64424
337.1485
336.652
336.15476
335.65677
335.15804
334.65854
334.15827
333.6572
333.15531
332.65258
332.14896
331.64444
331.13897
330.63251
330.12503
329.61647
329.1068
328.59596
328.08392
327.57061
327.05599
326.54002
326.02262
325.50376
324.98338
324.46143
323.93786
323.41261
322.88563
322.35687
321.82629
321.29382
320.75943
320.22307
319.68468
319.14422
318.60165
318.05691
317.50998
316.9608
316.40934
315.85555
315.29938
314.74081
314.17977
313.61623
313.05013
312.48141
311.91001
311.33582
310.75874
310.17856
)
;
        Tnbr            T;
        thicknessLayers 0();
        kappaLayers     0();
        kappa           solidThermo;
        kappaName       kappa;
    }
}


// ************************************************************************* //
