/*--------------------------------*- C++ -*----------------------------------*\
| =========                 |                                                 |
| \\      /  F ield         | OpenFOAM: The Open Source CFD Toolbox           |
|  \\    /   O peration     | Version:  v1606+                                |
|   \\  /    A nd           | Web:      www.OpenFOAM.com                      |
|    \\/     M anipulation  |                                                 |
\*---------------------------------------------------------------------------*/
FoamFile
{
    version     2.0;
    format      ascii;
    class       volScalarField;
    location    "0.04/Shaded";
    object      T;
}
// * * * * * * * * * * * * * * * * * * * * * * * * * * * * * * * * * * * * * //

dimensions      [0 0 0 1 0 0 0];

internalField   nonuniform List<scalar> 
4320
(
346.74453
346.27801
345.80781
345.33425
344.85784
344.37901
343.89808
343.41531
342.93092
342.44506
341.95789
341.46952
340.98004
340.48955
339.99811
339.50579
339.01264
338.51869
338.02398
337.52853
337.03237
336.5355
336.03792
335.53965
335.04066
334.54095
334.04051
333.53931
333.03733
332.53454
332.03091
331.52641
331.02099
330.51462
330.00726
329.49885
328.98936
328.47873
327.96691
327.45386
326.93952
326.42383
325.90675
325.38821
324.86817
324.34656
323.82334
323.29845
322.77183
322.24342
321.71318
321.18105
320.64698
320.1109
319.57278
319.03255
318.49016
317.94556
317.39869
316.84949
316.29791
315.74388
315.18733
314.62816
314.06629
313.50159
312.93387
312.36287
311.78813
311.20872
310.62227
310.02123
346.23446
345.75879
345.282
344.80342
344.32295
343.8407
343.35682
342.87148
342.38481
341.89695
341.40801
340.9181
340.42729
339.93567
339.4433
338.95023
338.45651
337.96218
337.46726
336.97178
336.47575
335.97917
335.48206
334.98441
334.4862
333.98743
333.48807
332.9881
332.4875
331.98622
331.48425
330.98153
330.47803
329.9737
329.46849
328.96236
328.45526
327.94713
327.43791
326.92756
326.41601
325.9032
325.38908
324.87358
324.35665
323.83822
323.31824
322.79663
322.27334
321.74831
321.22147
320.69276
320.16211
319.62946
319.09474
318.55789
318.01884
317.4775
316.93381
316.38767
315.83899
315.28766
314.73356
314.17651
313.61633
313.05273
312.48533
311.91355
311.33644
310.75232
310.15809
309.54779
345.7222
345.23957
344.75685
344.27331
343.78867
343.30284
342.81585
342.32777
341.83869
341.3487
340.85789
340.36634
339.87412
339.3813
338.88793
338.39406
337.89974
337.40499
336.90983
336.4143
335.91839
335.42211
334.92546
334.42844
333.93103
333.43321
332.93495
332.43625
331.93705
331.43733
330.93704
330.43616
329.93461
329.43237
328.92938
328.42558
327.92092
327.41534
326.90879
326.40119
325.89249
325.38263
324.87153
324.35914
323.84538
323.3302
322.81351
322.29526
321.77537
321.25377
320.73039
320.20516
319.67801
319.14885
318.61761
318.08421
317.54857
317.01057
316.47014
315.92715
315.38149
314.83299
314.28148
313.72676
313.16852
312.60641
312.03991
311.46828
310.89043
310.3047
309.70857
309.09853
345.20754
344.7193
344.23136
343.74316
343.25441
342.76496
342.27477
341.78385
341.29226
340.80004
340.30727
339.814
339.3203
338.82621
338.3318
337.83709
337.34212
336.84692
336.35152
335.85591
335.36012
334.86414
334.36796
333.87158
333.37498
332.87813
332.38102
331.8836
331.38585
330.88772
330.38917
329.89016
329.39063
328.89053
328.3898
327.88839
327.38624
326.88328
326.37944
325.87467
325.36889
324.86204
324.35404
323.84482
323.33431
322.82243
322.30912
321.79429
321.27787
320.75978
320.23994
319.71827
319.19469
318.6691
318.14143
317.61157
317.07942
316.54487
316.00781
315.4681
314.92559
314.38009
313.83141
313.27927
312.72335
312.16323
311.59834
311.02794
310.45101
309.86616
309.27161
308.66537
344.6907
344.1976
343.70496
343.21239
342.71966
342.22662
341.73321
341.2394
340.74522
340.25071
339.7559
339.26085
338.7656
338.2702
337.77469
337.2791
336.78346
336.2878
335.79212
335.29644
334.80076
334.30508
333.80938
333.31366
332.81789
332.32204
331.8261
331.33001
330.83374
330.33725
329.84049
329.3434
328.84594
328.34804
327.84964
327.35069
326.8511
326.35083
325.84979
325.34791
324.84512
324.34135
323.83652
323.33055
322.82336
322.31487
321.80501
321.29369
320.78082
320.26632
319.75011
319.23208
318.71216
318.19024
317.66622
317.14
316.61146
316.08048
315.54692
315.01064
314.47146
313.92918
313.38357
312.83434
312.28115
311.72357
311.16104
310.59288
310.01822
309.43599
308.845
308.24408
344.17182
343.6743
343.1773
342.68061
342.18403
341.68746
341.19082
340.69409
340.19729
339.70042
339.20353
338.70664
338.2098
337.71304
337.21639
336.71989
336.22355
335.7274
335.23144
334.73568
334.24011
333.74474
333.24954
332.7545
332.25958
331.76477
331.27003
330.77531
330.28058
329.78578
329.29085
328.79575
328.30042
327.80478
327.30878
326.81235
326.31541
325.81789
325.31971
324.82081
324.32109
323.82048
323.3189
322.81626
322.31248
321.80747
321.30115
320.79341
320.28419
319.77337
319.26087
318.74658
318.23042
317.71226
317.19201
316.66954
316.14474
315.61746
315.08756
314.55488
314.01922
313.48039
312.93813
312.39216
311.84213
311.28762
310.72813
310.16307
309.59173
309.01331
308.42701
307.83213
343.651
343.14928
342.64816
342.1475
341.64719
341.14713
340.64729
340.14763
339.64817
339.14891
338.64988
338.15112
337.65264
337.15448
336.65667
336.15923
335.66218
335.16552
334.66927
334.17343
333.67799
333.18293
332.68825
332.19391
331.69989
331.20615
330.71265
330.21935
329.7262
329.23314
328.74012
328.24707
327.75393
327.26062
326.76709
326.27325
325.77903
325.28435
324.78913
324.29328
323.79672
323.29936
322.80112
322.3019
321.80161
321.30017
320.79747
320.29343
319.78794
319.2809
318.77221
318.26177
317.74947
317.2352
316.71883
316.20024
315.67931
315.15588
314.6298
314.1009
313.56898
313.03384
312.49522
311.95284
311.40638
310.85544
310.29958
309.73831
309.17106
308.59725
308.01632
307.42784
343.12827
342.62248
342.11737
341.61285
341.10886
340.60537
340.10233
339.59974
339.09759
338.59591
338.09472
337.59403
337.09388
336.5943
336.0953
335.5969
335.09911
334.60195
334.10541
333.60949
333.11418
332.61946
332.12532
331.63172
331.13862
330.646
330.15379
329.66196
329.17045
328.67919
328.18813
327.6972
327.20633
326.71543
326.22445
325.73329
325.24187
324.75011
324.25793
323.76522
323.27191
322.77789
322.28308
321.78738
321.29069
320.79291
320.29394
319.79369
319.29204
318.78888
318.28412
317.77764
317.26932
316.75905
316.24669
315.73212
315.2152
314.69577
314.17368
313.64875
313.12079
312.58958
312.05489
311.51643
310.9739
310.42697
309.87525
309.31832
308.75574
308.18708
307.61195
307.03007
342.60362
342.09381
341.58475
341.07643
340.56882
340.0619
339.55567
339.05013
338.54528
338.04115
337.53776
337.03513
336.53328
336.03224
335.53202
335.03265
334.53412
334.03644
333.53962
333.04363
332.54848
332.05412
331.56055
331.06772
330.57559
330.08412
329.59327
329.10296
328.61315
328.12377
327.63474
327.146
326.65747
326.16907
325.68072
325.19233
324.7038
324.21506
323.72601
323.23654
322.74657
322.256
321.76472
321.27264
320.77965
320.28564
319.79051
319.29415
318.79645
318.29729
317.79657
317.29417
316.78995
316.2838
315.77559
315.26518
314.75242
314.23716
313.71924
313.19848
312.67469
312.14765
311.61714
311.08291
310.54467
310.00212
309.45494
308.90277
308.34529
307.78216
307.2131
306.63794
342.077
341.56316
341.05017
340.53806
340.02683
339.5165
339.00706
338.49855
337.99098
337.48437
336.97875
336.47414
335.97057
335.46805
334.96661
334.46624
333.96697
333.46878
332.97168
332.47564
331.98066
331.4867
330.99373
330.50171
330.0106
329.52034
329.03089
328.54218
328.05414
327.5667
327.07979
326.59333
326.10723
325.62141
325.13578
324.65024
324.16471
323.67908
323.19326
322.70714
322.22062
321.73359
321.24596
320.7576
320.26842
319.77829
319.28711
318.79476
318.30113
317.8061
317.30954
316.81133
316.31135
315.80947
315.30554
314.79943
314.29099
313.78007
313.26649
312.75009
312.23068
311.70804
311.18198
310.65224
310.11859
309.58074
309.03844
308.49139
307.93932
307.38198
306.81918
306.25079
341.54832
341.03041
340.51347
339.99755
339.48269
338.96891
338.45626
337.94475
337.43442
336.92531
336.41743
335.91082
335.40549
334.90148
334.39879
333.89743
333.39741
332.89872
332.40135
331.90528
331.4105
330.91696
330.42464
329.93348
329.44344
328.95446
328.46648
327.97943
327.49324
327.00782
326.52311
326.03901
325.55543
325.07229
324.58948
324.10691
323.62447
323.14206
322.65958
322.17691
321.69395
321.21059
320.72671
320.2422
319.75694
319.27081
318.7837
318.29549
317.80605
317.31526
316.82299
316.32912
315.83351
315.33602
314.83652
314.33487
313.83091
313.32449
312.81544
312.30358
311.78875
311.27074
310.74935
310.22436
309.69555
309.16269
308.62554
308.08386
307.53745
306.98611
306.42969
305.86811
341.01748
340.49543
339.97449
339.45472
338.93618
338.41892
337.90301
337.38847
336.87535
336.36369
335.85353
335.34488
334.83779
334.33226
333.82832
333.32596
332.82519
332.32601
331.82839
331.33232
330.83777
330.3447
329.85307
329.36283
328.87392
328.38628
327.89984
327.41453
326.93026
326.44696
325.96454
325.4829
325.00194
324.52158
324.04169
323.56219
323.08296
322.60388
322.12486
321.64576
321.16648
320.6869
320.20689
319.72635
319.24514
318.76314
318.28023
317.79628
317.31116
316.82474
316.3369
315.84749
315.35639
314.86345
314.36853
313.87149
313.37217
312.87041
312.36606
311.85894
311.34888
310.83569
310.31919
309.79918
309.27545
308.7478
308.21603
307.67995
307.13939
306.59418
306.04423
305.48946
340.48437
339.95809
339.43305
338.90936
338.38708
337.8663
337.34707
336.82945
336.3135
335.79926
335.28677
334.77607
334.26718
333.76012
333.25492
332.75156
332.25005
331.75039
331.25255
330.75651
330.26223
329.76967
329.27879
328.78952
328.30181
327.81558
327.33076
326.84727
326.36503
325.88394
325.4039
324.92482
324.4466
323.96912
323.49228
323.01596
322.54005
322.06443
321.58898
321.11358
320.6381
320.16243
319.68643
319.20998
318.73295
318.2552
317.77662
317.29707
316.81641
316.33451
315.85123
315.36643
314.87999
314.39174
313.90155
313.40927
312.91474
312.41782
311.91833
311.41612
310.91102
310.40286
309.89144
309.3766
308.85816
308.33593
307.80974
307.27942
306.74485
306.20589
305.66246
305.11452
339.94884
339.41821
338.88899
338.36128
337.83519
337.3108
336.78819
336.26744
335.74861
335.23174
334.71689
334.2041
333.69339
333.18479
332.67831
332.17396
331.67173
331.1716
330.67357
330.17759
329.68362
329.19163
328.70155
328.21333
327.72689
327.24216
326.75905
326.27748
325.79735
325.31857
324.84103
324.36462
323.88924
323.41477
322.94109
322.46808
321.99561
321.52357
321.05183
320.58026
320.10872
319.63709
319.16523
318.69301
318.22029
317.74695
317.27284
316.79782
316.32176
315.84451
315.36594
314.88591
314.40426
313.92085
313.43554
312.94818
312.45862
311.96669
311.47224
310.97512
310.47515
309.97218
309.46603
308.95655
308.44357
307.92693
307.40647
306.88207
306.3536
305.82097
305.28411
304.74299
339.41073
338.87562
338.34209
337.81026
337.28026
336.75218
336.22612
335.70217
335.18039
334.66085
334.1436
333.62868
333.11613
332.60597
332.09822
331.59287
331.08993
330.58937
330.09117
329.5953
329.1017
328.61033
328.12113
327.63402
327.14893
326.66578
326.18448
325.70493
325.22703
324.75067
324.27574
323.80212
323.32971
322.85837
322.38797
321.9184
321.44952
320.9812
320.5133
320.04569
319.57823
319.11078
318.64321
318.17536
317.70711
317.2383
316.76881
316.29847
315.82716
315.35472
314.881
314.40587
313.92918
313.45077
312.9705
312.48821
312.00376
311.51699
311.02775
310.53587
310.04121
309.5436
309.0429
308.53894
308.03158
307.52067
307.00609
306.48772
305.96546
305.43922
304.90896
304.37465
338.86987
338.33013
337.79215
337.25608
336.72206
336.19019
335.66059
335.13335
334.60856
334.08629
333.56659
333.04951
332.5351
332.02337
331.51434
331.00801
330.50437
330.00341
329.50508
329.00936
328.51619
328.02551
327.53726
327.05135
326.56771
326.08624
325.60684
325.12942
324.65385
324.18003
323.70784
323.23715
322.76783
322.29975
321.83279
321.3668
320.90164
320.43718
319.97327
319.50977
319.04654
318.58342
318.12028
317.65696
317.19332
316.72921
316.26447
315.79898
315.33256
314.86507
314.39637
313.9263
313.45472
312.98146
312.50638
312.02933
311.55016
311.0687
310.58482
310.09835
309.60915
309.11707
308.62196
308.12367
307.62207
307.11704
306.60846
306.09622
305.58023
305.06044
304.5368
304.0093
338.32607
337.78153
337.23895
336.6985
336.16032
335.62455
335.09131
334.56071
334.03283
333.50776
332.98557
332.4663
331.94999
331.43668
330.92637
330.41907
329.91476
329.41342
328.91501
328.4195
327.92682
327.4369
326.94968
326.46507
325.98297
325.50328
325.02591
324.55073
324.07763
323.60648
323.13715
322.66952
322.20344
321.73877
321.27538
320.81312
320.35184
319.89139
319.43163
318.97239
318.51354
318.05491
317.59636
317.13772
316.67885
316.21959
315.75978
315.29927
314.83791
314.37554
313.91201
313.44716
312.98084
312.5129
312.04317
311.57151
311.09777
310.62179
310.14343
309.66252
309.17894
308.69253
308.20315
307.71068
307.21498
306.71594
306.21345
305.70743
305.1978
304.68449
304.16749
303.64678
337.77913
337.22961
336.68226
336.13726
335.59479
335.05499
334.518
333.98393
333.45288
332.92495
332.4002
331.8787
331.36048
330.84557
330.33398
329.82572
329.32077
328.81909
328.32066
327.82541
327.3333
326.84423
326.35813
325.87491
325.39446
324.91668
324.44145
323.96864
323.49814
323.02979
322.56348
322.09905
321.63636
321.17526
320.7156
320.25722
319.79998
319.3437
318.88824
318.43344
317.97913
317.52516
317.07135
316.61756
316.16363
315.70938
315.25466
314.79931
314.34317
313.88608
313.42788
312.96841
312.50752
312.04505
311.58083
311.11473
310.64658
310.17623
309.70353
309.22835
308.75053
308.26993
307.78643
307.2999
306.81022
306.31728
305.82098
305.32125
304.81802
304.31124
303.80088
303.28695
337.22883
336.67411
336.1218
335.5721
335.02518
334.48121
333.94034
333.4027
332.86839
332.33752
331.81017
331.28639
330.76622
330.24971
329.73685
329.22764
328.72208
328.22011
327.72171
327.2268
326.73533
326.2472
325.76233
325.28061
324.80193
324.32618
323.85322
323.38293
322.91516
322.44978
321.98663
321.52556
321.06642
320.60905
320.15328
319.69896
319.24592
318.79399
318.343
317.8928
317.44321
316.99406
316.54518
316.09641
315.64758
315.19852
314.74906
314.29904
313.84829
313.39664
312.94394
312.49002
312.03472
311.57788
311.11934
310.65895
310.19655
309.73198
309.26511
308.79579
308.32388
307.84924
307.37174
306.89127
306.40771
305.92097
305.43095
304.93759
304.44081
303.94058
303.43688
302.92971
336.67493
336.1148
335.55732
335.00271
334.45118
333.90289
333.35801
332.81668
332.27902
331.74513
331.21511
330.68901
330.16687
329.64874
329.13461
328.62449
328.11835
327.61615
327.11784
326.62335
326.13261
325.64552
325.16198
324.68189
324.20511
323.73152
323.26098
322.79335
322.32848
321.86621
321.40639
320.94886
320.49344
320.03996
319.58827
319.13818
318.68952
318.24211
317.79579
317.35037
316.90567
316.46153
316.01776
315.57418
315.13064
314.68694
314.24292
313.7984
313.35321
312.90719
312.46016
312.01196
311.56242
311.11138
310.65868
310.20416
309.74766
309.28904
308.82814
308.36483
307.89896
307.43041
306.95904
306.48475
306.00743
305.52697
305.04331
304.55636
304.06609
303.57244
303.0754
302.57497
336.11717
335.55139
334.98852
334.42881
333.87247
333.31969
332.77066
332.22551
331.68439
331.14741
330.61465
330.08618
329.56205
329.04229
328.52691
328.0159
327.50922
327.00685
326.5087
326.01472
325.52481
325.03888
324.5568
324.07846
323.60372
323.13244
322.66448
322.19967
321.73787
321.27889
320.82257
320.36875
319.91723
319.46784
319.0204
318.57473
318.13064
317.68795
317.24647
316.80602
316.36641
315.92746
315.48899
315.0508
314.61272
314.17458
313.73617
313.29734
312.8579
312.41768
311.9765
311.53419
311.09058
310.64551
310.19882
309.75033
309.2999
308.84737
308.3926
307.93544
307.47576
307.01342
306.5483
306.0803
305.60931
305.13523
304.65799
304.17753
303.69379
303.20674
302.71636
302.22266
335.55529
334.98359
334.41509
333.85005
333.28871
332.73127
332.17792
331.62883
331.08413
330.54396
330.00839
329.47751
328.95137
328.42998
327.91336
327.40148
326.89433
326.39184
325.89395
325.40057
324.91161
324.42695
323.94646
323.47002
322.99747
322.52867
322.06345
321.60165
321.14308
320.68758
320.23496
319.78503
319.33761
318.89251
318.44952
318.00847
317.56915
317.13137
316.69494
316.25965
315.82533
315.39177
314.95879
314.52618
314.09377
313.66137
313.22878
312.79582
312.36231
311.92807
311.49292
311.05668
310.61919
310.18026
309.73974
309.29745
308.85325
308.40697
307.95848
307.50761
307.05425
306.59825
306.13951
305.6779
305.21333
304.74571
304.27497
303.80104
303.32388
302.84345
302.35974
301.87275
334.98899
334.41109
333.8367
333.26609
332.69953
332.13723
331.5794
331.02622
330.47783
329.93437
329.39593
328.8626
328.3344
327.81139
327.29354
326.78086
326.27328
325.77076
325.27322
324.78055
324.29266
323.8094
323.33066
322.85627
322.38609
321.91994
321.45764
320.99902
320.5439
320.09207
319.64334
319.19752
318.7544
318.31378
317.87546
317.43923
317.00489
316.57224
316.14106
315.71116
315.28233
314.85437
314.42708
314.00026
313.57372
313.14725
312.72067
312.29378
311.8664
311.43833
311.0094
310.57942
310.14821
309.71561
309.28143
308.84552
308.4077
307.96783
307.52576
307.08134
306.63442
306.1849
305.73264
305.27753
304.81948
304.35841
303.89422
303.42688
302.95633
302.48253
302.00549
301.5252
334.41795
333.83355
333.25298
332.67655
332.10453
331.53717
330.97468
330.41725
329.86505
329.3182
328.77682
328.24098
327.71073
327.18608
326.66705
326.15359
325.64567
325.1432
324.64611
324.15428
323.66759
323.1859
322.70906
322.2369
321.76926
321.30595
320.84677
320.39155
319.94006
319.49212
319.0475
318.606
318.1674
317.73149
317.29806
316.86688
316.43774
316.01043
315.58472
315.16042
314.7373
314.31515
313.89377
313.47295
313.05248
312.63217
312.2118
311.79118
311.37013
310.94843
310.52591
310.10237
309.67764
309.25154
308.82389
308.39451
307.96325
307.52995
307.09445
306.65661
306.21629
305.77336
305.3277
304.8792
304.42776
303.9733
303.51575
303.05503
302.59113
302.12399
301.65361
301.18
333.84185
333.25061
332.66356
332.08103
331.50331
330.93065
330.36331
329.80147
329.24532
328.69499
328.15059
327.6122
327.07987
326.55361
326.03341
325.51925
325.01105
324.50875
324.01223
323.52137
323.03604
322.55607
322.08131
321.61158
321.14667
320.68641
320.23057
319.77895
319.33133
318.8875
318.44722
318.01027
317.57643
317.14546
316.71714
316.29125
315.86754
315.4458
315.02581
314.60733
314.19014
313.77404
313.35879
312.94419
312.53001
312.11606
311.70212
311.28799
310.87346
310.45834
310.04243
309.62553
309.20747
308.78805
308.3671
307.94444
307.51991
307.09333
306.66457
306.23345
305.79986
305.36365
304.92471
304.48292
304.03818
303.59042
303.13955
302.68552
302.22828
301.76782
301.30411
300.83716
333.26031
332.66189
332.06803
331.47909
330.89539
330.31721
329.74481
329.17839
328.61815
328.06423
327.51674
326.97576
326.44134
325.91348
325.39217
324.87737
324.369
323.86696
323.37115
322.88142
322.39761
321.91956
321.44707
320.97996
320.51801
320.06102
319.60875
319.16097
318.71746
318.27798
317.84228
317.41013
316.98129
316.55551
316.13256
315.71219
315.29416
314.87824
314.46419
314.05178
313.64077
313.23094
312.82205
312.4139
312.00625
311.59888
311.19159
310.78415
310.37637
309.96803
309.55893
309.14888
308.73768
308.32514
307.91108
307.49531
307.07767
306.65799
306.23611
305.81188
305.38515
304.95579
304.52368
304.0887
303.65076
303.20977
302.76565
302.31835
301.86783
301.41405
300.957
300.49669
332.67296
332.06696
331.46594
330.87028
330.28031
329.69635
329.11866
328.54749
327.98301
327.42539
326.87474
326.33113
325.79461
325.26518
324.74281
324.22745
323.71901
323.21739
322.72243
322.234
321.7519
321.27596
320.80597
320.34171
319.88296
319.42947
318.98101
318.53733
318.09818
317.66331
317.23246
316.80537
316.38179
315.96147
315.54414
315.12955
314.71746
314.30761
313.89976
313.49366
313.08908
312.68576
312.28349
311.88202
311.48112
311.08057
310.68016
310.27964
309.87882
309.47748
309.07541
308.67241
308.26827
307.86281
307.45582
307.04714
306.63657
306.22396
305.80912
305.39192
304.97219
304.54982
304.12466
303.6966
303.26555
302.83141
302.39411
301.95358
301.5098
301.06271
300.61233
300.15865
332.07938
331.46539
330.85682
330.25407
329.65752
329.06751
328.48431
327.90818
327.33932
326.77789
326.224
325.67774
325.13912
324.60816
324.08481
323.56899
323.06061
322.55954
322.06562
321.57867
321.0985
320.6249
320.15763
319.69647
319.24116
318.79145
318.34707
317.90776
317.47325
317.04326
316.61753
316.19579
315.77775
315.36315
314.95172
314.54319
314.1373
313.73379
313.33241
312.93288
312.53498
312.13844
311.74302
311.34848
310.95458
310.5611
310.16779
309.77443
309.3808
308.98668
308.59186
308.19612
307.79925
307.40107
307.00136
306.59994
306.19663
305.79125
305.38363
304.97361
304.56104
304.14577
303.72769
303.30666
302.88259
302.45538
302.02496
301.59126
301.15425
300.71388
300.27015
299.82307
331.47912
330.85668
330.24014
329.62994
329.02648
328.43011
327.84116
327.25988
326.68648
326.12112
325.56394
325.01498
324.47429
323.94184
323.41759
322.90144
322.39326
321.89292
321.40022
320.91498
320.43697
319.96595
319.50167
319.04387
318.59229
318.14663
317.70663
317.27198
316.8424
316.4176
315.99728
315.58117
315.16896
314.76038
314.35513
313.95295
313.55355
313.15666
312.76201
312.36934
311.97838
311.58888
311.20057
310.81323
310.42658
310.0404
309.65445
309.26849
308.88229
308.49562
308.10827
307.72001
307.33063
306.93993
306.5477
306.15375
305.75788
305.35991
304.95968
304.557
304.15173
303.74372
303.33284
302.91895
302.50196
302.08177
301.65829
301.23147
300.80125
300.36762
299.93055
299.49005
330.87169
330.24031
329.61535
328.99729
328.38655
327.78353
327.18856
326.60191
326.02381
325.45443
324.89388
324.34222
323.79948
323.26562
322.74057
322.22421
321.71641
321.21699
320.72575
320.24245
319.76685
319.29868
318.83768
318.38355
317.93599
317.4947
317.05937
316.6297
316.20536
315.78606
315.37148
314.96131
314.55524
314.15299
313.75423
313.35869
312.96608
312.5761
312.18848
311.80294
311.4192
311.03701
310.6561
310.2762
309.89707
309.51846
309.14011
308.76179
308.38326
308.00429
307.62464
307.24409
306.86243
306.47943
306.09488
305.7086
305.32037
304.93
304.53733
304.14216
303.74435
303.34373
302.94018
302.53355
302.12374
301.71064
301.29418
300.87428
300.45091
300.02401
299.5936
299.15966
330.25657
329.61572
328.98185
328.35548
327.73708
327.12707
326.5258
325.93357
325.35061
324.77708
324.21312
323.65876
323.11401
322.57882
322.0531
321.53671
321.02948
320.53121
320.04166
319.56057
319.08768
318.62267
318.16525
317.7151
317.2719
316.83531
316.405
315.98064
315.56189
315.14842
314.7399
314.33601
313.93641
313.5408
313.14886
312.76028
312.37476
311.99199
311.6117
311.23358
310.85736
310.48277
310.10952
309.73736
309.36601
308.99523
308.62475
308.25433
307.88372
307.51268
307.14098
306.76838
306.39465
306.01958
305.64294
305.26453
304.88414
304.50157
304.11664
303.72916
303.33896
302.94589
302.5498
302.15055
301.74802
301.34212
300.93274
300.51982
300.10332
299.68318
299.25942
298.83202
329.6332
328.98229
328.33897
327.70382
327.07734
326.45998
325.85212
325.25408
324.66609
324.08833
323.5209
322.96385
322.41716
321.88075
321.35452
320.83829
320.33186
319.83499
319.34742
318.86885
318.39897
317.93746
317.48397
317.03816
316.59966
316.16813
315.7432
315.32451
314.91171
314.50443
314.10233
313.70506
313.31228
312.92366
312.53886
312.15757
311.77946
311.40423
311.03157
310.66119
310.29279
309.92609
309.5608
309.19665
308.83336
308.47068
308.10834
307.74609
307.38366
307.02081
306.6573
306.29289
305.92735
305.56043
305.19192
304.8216
304.44926
304.07469
303.69769
303.31807
302.93567
302.5503
302.16181
301.77007
301.37494
300.97631
300.5741
300.16822
299.75862
299.34526
298.92813
298.50725
329.00095
328.33934
327.686
327.04154
326.40653
325.78144
325.16669
324.5626
323.96943
323.38733
322.81641
322.2567
321.70815
321.17067
320.64411
320.12827
319.6229
319.12773
318.64245
318.16674
317.70023
317.24258
316.7934
316.35231
315.91891
315.49283
315.07367
314.66104
314.25456
313.85386
313.45855
313.06828
312.68268
312.3014
311.9241
311.55043
311.18008
310.81271
310.44802
310.08568
309.72541
309.3669
309.00987
308.65403
308.2991
307.9448
307.59088
307.23706
306.88308
306.52869
306.17363
305.81766
305.46054
305.10202
304.74187
304.37987
304.0158
303.64943
303.28057
302.90901
302.53456
302.15706
301.77633
301.39222
301.00461
300.61337
300.21839
299.81961
299.41695
299.01039
298.5999
298.1855
328.35915
327.68614
327.02214
326.36781
325.72378
325.09057
324.4686
323.85823
323.2597
322.67318
322.09877
321.53645
320.98617
320.44779
319.92112
319.40593
318.90192
318.40878
317.92616
317.45368
316.99095
316.53756
316.0931
315.65715
315.22928
314.80906
314.39609
313.98994
313.5902
313.19647
312.80836
312.42547
312.04743
311.67387
311.30443
310.93875
310.5765
310.21734
309.86094
309.50698
309.15516
308.80516
308.45669
308.10946
307.76318
307.41757
307.07234
306.72724
306.38199
306.03632
305.68998
305.34272
304.99427
304.6444
304.29286
303.93941
303.58383
303.22589
302.86537
302.50206
302.13577
301.7663
301.39349
301.01717
300.63719
300.25344
299.86579
299.47416
299.0785
298.67875
298.27489
297.86694
327.70706
327.02189
326.34653
325.68173
325.02815
324.38638
323.75685
323.13995
322.53592
321.94491
321.36701
320.80217
320.25031
319.71125
319.18474
318.67051
318.16822
317.67749
317.19793
316.72911
316.2706
315.82192
315.38264
314.95228
314.53039
314.1165
313.71017
313.31093
312.91837
312.53205
312.15154
311.77645
311.40637
311.04092
310.67972
310.3224
309.96862
309.61802
309.27026
308.92502
308.58198
308.24082
307.90123
307.56293
307.2256
306.88896
306.55274
306.21664
305.88039
305.54373
305.20639
304.86809
304.52859
304.18763
303.84495
303.5003
303.15345
302.80417
302.45221
302.09737
301.73942
301.37818
301.01345
300.64506
300.27286
299.8967
299.51648
299.13208
298.74345
298.35053
297.9533
297.55178
327.04388
326.34569
325.6582
324.98226
324.31858
323.66778
323.03035
322.40667
321.79699
321.20146
320.62011
320.05288
319.49964
318.96015
318.43413
317.92123
317.42105
316.93317
316.45713
315.99245
315.53863
315.09517
314.66156
314.2373
313.82188
313.41481
313.01559
312.62375
312.23883
311.86036
311.48791
311.12104
310.75934
310.40241
310.04985
309.70129
309.35635
309.01467
308.67592
308.33975
308.00583
307.67383
307.34346
307.01439
306.68633
306.35898
306.03206
305.70526
305.37832
305.05095
304.72288
304.39384
304.06356
303.73177
303.39821
303.06262
302.72476
302.38437
302.04121
301.69505
301.34566
300.99284
300.63638
300.27609
299.9118
299.54337
299.17066
298.79357
298.41202
298.02596
297.63536
297.24022
326.36872
325.65656
324.95612
324.2683
323.5939
322.93359
322.28789
321.65719
321.04173
320.44165
319.85694
319.2875
318.73312
318.19353
317.66838
317.15723
316.65964
316.17511
315.7031
315.24309
314.79451
314.35681
313.92942
313.5118
313.10339
312.70365
312.31207
311.92813
311.55134
311.18121
310.81727
310.45909
310.10621
309.75822
309.41472
309.0753
308.73959
308.40723
308.07785
307.7511
307.42665
307.10417
306.78334
306.46384
306.14537
305.82763
305.51031
305.19312
304.87579
304.55801
304.23951
303.92001
303.59922
303.27689
302.95272
302.62647
302.29785
301.96661
301.63249
301.29525
300.95465
300.61046
300.26246
299.91044
299.55423
299.19366
298.82858
298.45888
298.08447
297.70529
297.3213
296.93252
325.68058
324.95342
324.23908
323.53859
322.85282
322.18248
321.52813
320.89017
320.26884
319.66423
319.07629
318.50486
317.94967
317.41038
316.88653
316.37764
315.88317
315.40255
314.93517
314.48042
314.03769
313.60634
313.18578
312.77538
312.37455
311.98273
311.59934
311.22383
310.85569
310.4944
310.13947
309.79043
309.44684
309.10824
308.77421
308.44436
308.11829
307.79563
307.47599
307.15904
306.84442
306.5318
306.22086
305.91127
305.60272
305.2949
304.98751
304.68024
304.37282
304.06494
303.75631
303.44664
303.13566
302.82306
302.50858
302.19193
301.87284
301.55102
301.22621
300.89814
300.56656
300.23123
299.89189
299.54835
299.20038
298.84782
298.49049
298.12828
297.76107
297.38879
297.01142
296.62896
324.97837
324.23504
323.50578
322.79174
322.09388
321.41297
320.74959
320.10416
319.47688
318.86781
318.27683
317.70372
317.14812
316.60959
316.08759
315.58154
315.09081
314.61474
314.15264
313.70383
313.2676
312.84328
312.43018
312.02765
311.63504
311.25173
310.87711
310.51061
310.15167
309.79975
309.45434
309.11495
308.78111
308.45235
308.12826
307.8084
307.49238
307.17981
306.87031
306.56353
306.25911
305.95672
305.65601
305.35666
305.05837
304.7608
304.46366
304.16665
303.86945
303.57178
303.27333
302.97381
302.67292
302.37037
302.06587
301.75913
301.44984
301.13773
300.8225
300.50388
300.18158
299.85535
299.52492
299.19005
298.85052
298.50613
298.15669
297.80206
297.44212
297.07679
296.70604
296.32985
324.26087
323.50005
322.75474
322.02618
321.31546
320.6234
319.95062
319.29752
318.66427
318.05087
317.45713
316.88273
316.32721
315.79001
315.27049
314.76796
314.28168
313.8109
313.35482
312.91268
312.4837
312.06712
311.66221
311.26823
310.88451
310.51036
310.14514
309.78825
309.43909
309.0971
308.76175
308.43252
308.10892
307.79049
307.47678
307.16735
306.8618
306.55974
306.26078
305.96456
305.67071
305.3789
305.08878
304.80003
304.51233
304.22536
303.9388
303.65235
303.36571
303.07856
302.79061
302.50156
302.21109
301.9189
301.62469
301.32816
301.02899
300.72689
300.42154
300.11265
299.79991
299.48304
299.16177
298.83581
298.50492
298.16888
297.82749
297.48057
297.12798
296.76965
296.4055
296.03554
323.5267
322.74693
321.98427
321.24015
320.51573
319.81192
319.12936
318.46843
317.82926
317.21176
316.61563
316.04044
315.4856
314.95042
314.43413
313.93591
313.4549
312.99023
312.54101
312.10637
311.68545
311.27741
310.88145
310.49678
310.12266
309.75836
309.40322
309.05657
308.7178
308.38632
308.06158
307.74304
307.4302
307.12258
306.81972
306.52117
306.22654
305.9354
305.64738
305.3621
305.0792
304.79835
304.51918
304.24138
303.96462
303.68858
303.41294
303.1374
302.86164
302.58535
302.30823
302.02996
301.75023
301.46873
301.18514
300.89914
300.61042
300.31864
300.02349
299.72463
299.42176
299.11455
298.8027
298.48591
298.16391
297.83643
297.50325
297.16417
296.81904
296.46774
296.11021
295.74644
322.7743
321.97392
321.19249
320.43161
319.6926
318.97643
318.28374
317.61489
316.96993
316.34865
315.75063
315.17528
314.62186
314.08953
313.57735
313.08435
312.60955
312.15194
311.71051
311.28429
310.87232
310.47369
310.08752
309.71296
309.34921
308.99551
308.65113
308.31539
307.98765
307.66729
307.35374
307.04644
306.74489
306.44857
306.15704
305.86984
305.58655
305.30677
305.03009
304.75616
304.4846
304.21507
303.94722
303.68072
303.41526
303.15049
302.88612
302.62182
302.35727
302.09218
301.82622
301.55907
301.29042
301.01994
300.74731
300.47219
300.19425
299.91314
299.62852
299.34004
299.04736
298.75013
298.44801
298.14068
297.82781
297.50913
297.18437
296.85329
296.51572
296.17152
295.82062
295.46298
322.00192
321.17901
320.37719
319.59828
318.84371
318.11454
317.41142
316.73463
316.08412
315.45953
314.86028
314.28557
313.73448
313.20598
312.69895
312.21224
311.74472
311.29522
310.86263
310.44584
310.04381
309.65554
309.28006
308.91647
308.56391
308.22158
307.88871
307.56459
307.24854
306.93993
306.63816
306.34267
306.05294
305.76845
305.48874
305.21335
304.94185
304.67385
304.40894
304.14674
303.88691
303.62908
303.37292
303.11809
302.86426
302.61112
302.35835
302.10564
301.85266
301.59909
301.34464
301.08896
300.83173
300.57263
300.31131
300.04742
299.78062
299.51054
299.23682
298.95908
298.67694
298.39004
298.09799
297.80043
297.49701
297.18739
296.87127
296.54838
296.21851
295.88149
295.53723
295.18569
321.20752
320.35992
319.53587
318.73748
317.96633
317.22354
316.50974
315.82512
315.16946
314.54221
313.94257
313.36951
312.82186
312.29837
311.7977
311.31851
310.85949
310.41931
309.99671
309.59048
309.19947
308.82257
308.45876
308.10706
307.76657
307.43642
307.11584
306.80406
306.50039
306.20418
305.91481
305.63171
305.35435
305.0822
304.81481
304.5517
304.29246
304.03666
303.78393
303.53388
303.28616
303.04041
302.7963
302.55349
302.31167
302.0705
301.82969
301.5889
301.34782
301.10614
300.86354
300.61968
300.37424
300.12687
299.87722
299.62495
299.36967
299.111
298.84856
298.58195
298.31075
298.03456
297.75296
297.46554
297.17189
296.87164
296.56444
296.24996
295.92795
295.59821
295.26061
294.91511
320.38877
319.51394
318.6656
317.84613
317.05731
316.3003
315.57569
314.8835
314.2233
313.59429
312.99535
312.42518
311.88232
311.36523
310.87235
310.4021
309.95296
309.52344
309.11214
308.7177
308.33887
307.97445
307.62335
307.28452
306.95701
306.63992
306.33242
306.03374
305.74317
305.46002
305.18368
304.91357
304.64913
304.38986
304.13528
303.88493
303.63839
303.39524
303.15511
302.9176
302.68238
302.44909
302.2174
301.98698
301.75751
301.52867
301.30015
301.07164
300.84281
300.61336
300.38296
300.15129
299.91799
299.68273
299.44514
299.20487
298.96151
298.71467
298.46393
298.20887
297.94904
297.68399
297.41325
297.13637
296.85289
296.56237
296.2644
295.9586
295.64465
295.32231
294.99142
294.65191
319.54293
318.63794
317.76291
316.9206
316.11297
315.34123
314.60583
313.90657
313.24272
312.61312
312.01629
311.45056
310.91411
310.4051
309.92166
309.46197
309.02428
308.60693
308.20834
307.82704
307.46166
307.11091
306.77362
306.4487
306.13514
305.832
305.53843
305.25364
304.97688
304.70748
304.44481
304.18828
303.93734
303.69147
303.45021
303.2131
302.97971
302.74965
302.52252
302.29796
302.07562
301.85516
301.63626
301.41858
301.20181
300.98565
300.76978
300.55389
300.33767
300.1208
299.90296
299.68383
299.46305
299.24028
299.01515
298.78728
298.55626
298.32168
298.0831
297.84005
297.59205
297.33861
297.07922
296.81335
296.54048
296.2601
295.97173
295.67492
295.36928
295.05451
294.73038
294.39681
318.66679
317.72818
316.82372
315.95661
315.12902
314.34214
313.59621
312.89071
312.22446
311.59584
311.00291
310.44352
309.91546
309.41648
308.9444
308.49713
308.07267
307.66915
307.28485
306.91815
306.56757
306.23176
305.90946
305.59953
305.30091
305.01266
304.73389
304.46378
304.20159
303.94663
303.69827
303.45592
303.21904
302.98712
302.75968
302.53628
302.3165
302.09994
301.88623
301.67501
301.46594
301.25869
301.05292
300.84834
300.64463
300.44148
300.2386
300.03568
299.83241
299.62848
299.42356
299.21734
299.00947
298.79958
298.58732
298.37227
298.15404
297.93218
297.70622
297.47568
297.24003
296.99873
296.75121
296.49688
296.23514
295.9654
295.68709
295.39965
295.10263
294.79562
294.47835
294.15069
317.75651
316.78016
315.84309
314.94903
314.10036
313.29815
312.54232
311.83184
311.16493
310.53937
309.95258
309.40189
308.88455
308.39792
307.93942
307.50667
307.0974
306.70957
306.34126
305.99074
305.65643
305.33689
305.03081
304.737
304.45438
304.18197
303.91887
303.66426
303.41739
303.17757
302.94418
302.71662
302.49437
302.27691
302.06379
301.85457
301.64884
301.44622
301.24633
301.04884
300.85341
300.65972
300.46745
300.27631
300.086
299.89621
299.70666
299.51705
299.32707
299.13643
298.9448
298.75186
298.55727
298.36067
298.16168
297.95991
297.75492
297.54627
297.33345
297.11595
296.89321
296.66463
296.42958
296.1874
295.93739
295.67887
295.41115
295.13358
294.84555
294.54657
294.23629
293.9145
316.80746
315.78839
314.81501
313.89166
313.0209
312.20355
311.43897
310.72538
310.0602
309.44038
308.86258
308.32344
307.81965
307.34805
306.90567
306.4898
306.09793
305.72779
305.37732
305.04467
304.72817
304.4263
304.13772
303.86121
303.59565
303.34006
303.09353
302.85524
302.62445
302.40047
302.18269
301.97052
301.76345
301.56099
301.36267
301.1681
300.97685
300.78858
300.60291
300.41953
300.23811
300.05833
299.87991
299.70255
299.52597
299.34987
299.17398
298.99801
298.82167
298.64466
298.46667
298.28739
298.10647
297.92356
297.73828
297.55023
297.35897
297.16403
296.9649
296.76102
296.5518
296.33659
296.11469
295.88535
295.64778
295.40117
295.1447
294.87757
294.59903
294.30845
294.00534
293.68942
315.81392
314.74607
313.73203
312.77691
311.88333
311.0516
310.28019
309.56622
308.90601
308.2954
307.73014
307.20604
306.7191
306.26564
305.84227
305.44592
305.07385
304.72359
304.39294
304.07994
303.78286
303.50013
303.23037
302.97234
302.72494
302.48715
302.25809
302.03695
301.82299
301.61554
301.414
301.21782
301.02649
300.83952
300.6565
300.47701
300.30068
300.12715
299.95609
299.78718
299.62012
299.4546
299.29036
299.12711
298.96458
298.8025
298.64059
298.4786
298.31622
298.15319
297.9892
297.82393
297.65707
297.48826
297.31712
297.14325
296.96621
296.78552
296.60065
296.41102
296.21599
296.01486
295.80686
295.59116
295.36685
295.13298
294.88857
294.63263
294.36422
294.0825
293.78682
293.47679
314.76874
313.64457
312.58476
311.59535
310.67877
309.83436
309.05915
308.34871
307.69779
307.10088
306.55254
306.04765
305.58145
305.1497
304.74856
304.37465
304.02499
303.69694
303.3882
303.09673
302.82073
302.55864
302.30905
302.07072
301.84254
301.62355
301.41286
301.20967
301.01328
300.82305
300.63839
300.45876
300.28369
300.11273
299.94545
299.78149
299.62048
299.46209
299.306
299.15191
298.99955
298.84862
298.69888
298.55005
298.40189
298.25413
298.10652
297.95881
297.81073
297.662
297.51235
297.36147
297.20904
297.05473
296.89817
296.73895
296.57664
296.41075
296.24074
296.06601
295.88589
295.69963
295.50639
295.30524
295.09515
294.87502
294.64366
294.39984
294.14238
293.87017
293.58231
293.27823
313.66275
312.47268
311.36114
310.33513
309.39637
308.54245
307.76814
307.06672
306.43086
305.85332
305.32727
304.84653
304.40557
303.99954
303.6242
303.27589
302.95143
302.64807
302.36341
302.09539
301.84219
301.60225
301.37417
301.15674
300.94889
300.74966
300.55821
300.37377
300.19568
300.02332
299.85613
299.69362
299.53533
299.38083
299.22975
299.08173
298.93643
298.79354
298.65277
298.51385
298.37651
298.24048
298.10554
297.97144
297.83793
297.70479
297.57178
297.43866
297.30518
297.17108
297.0361
296.89995
296.76234
296.62293
296.48137
296.33727
296.1902
296.03968
295.88515
295.72602
295.56158
295.39104
295.21351
295.02795
294.83321
294.628
294.4109
294.18041
293.93499
293.67317
293.39371
293.09574
312.48383
311.21546
310.0453
308.98112
308.02287
307.16493
306.39857
305.71379
305.10055
304.54949
304.05222
303.60142
303.19079
302.81493
302.46928
302.14994
301.85361
301.57748
301.31914
301.07651
300.84783
300.63154
300.42631
300.23097
300.04449
299.86597
299.69461
299.52969
299.37058
299.21672
299.06759
298.92272
298.78169
298.64412
298.50965
298.37796
298.24874
298.1217
297.99658
297.87314
297.75112
297.63029
297.51044
297.39134
297.27277
297.15453
297.03639
296.91814
296.79955
296.68039
296.5604
296.43932
296.31687
296.19275
296.06662
295.93811
295.80679
295.6722
295.5338
295.39098
295.24304
295.08915
294.92835
294.75956
294.58146
294.3926
294.19129
293.97566
293.74374
293.49355
293.22332
292.93174
311.21536
309.85222
308.61583
307.51382
306.54202
305.68921
304.94121
304.28349
303.70262
303.18678
302.72595
302.31171
301.93706
301.59621
301.28436
300.99751
300.73233
300.48602
300.25622
300.04093
299.83844
299.64728
299.46619
299.29408
299.12998
298.97307
298.8226
298.67793
298.53847
298.4037
298.27316
298.14642
298.02312
297.90289
297.78543
297.67043
297.55762
297.44676
297.3376
297.22992
297.12351
297.01815
296.91365
296.80981
296.70645
296.60336
296.50036
296.39725
296.29382
296.18987
296.08517
295.97948
295.87255
295.76409
295.65379
295.5413
295.42623
295.30814
295.18651
295.06074
294.93013
294.79386
294.65094
294.5002
294.34025
294.16943
293.98576
293.78697
293.57053
293.33373
293.07401
292.78933
309.83347
308.35311
307.04308
305.90784
304.93424
304.10131
303.38672
302.77004
302.2338
301.76367
301.34808
300.97773
300.64517
300.34442
300.07062
299.81983
299.58881
299.37488
299.1758
298.98971
298.81503
298.6504
298.49468
298.34687
298.20611
298.07165
297.94283
297.81907
297.69986
297.58473
297.47328
297.36514
297.25997
297.15748
297.05737
296.9594
296.86333
296.76893
296.67601
296.58437
296.49381
296.40417
296.31527
296.22693
296.139
296.05131
295.96368
295.87596
295.78795
295.69948
295.61034
295.52033
295.42923
295.33677
295.24268
295.14664
295.0483
294.94726
294.84302
294.73502
294.6226
294.50495
294.3811
294.24984
294.10971
293.95889
293.79515
293.61575
293.41747
293.19662
292.94941
292.67258
308.30146
306.67268
305.285
304.1304
303.17676
302.38681
301.72683
301.16928
300.6926
300.28028
299.91967
299.60107
299.31695
299.06146
298.82995
298.61871
298.42475
298.24563
298.07934
297.92421
297.77884
297.64204
297.51281
297.39029
297.27373
297.16249
297.056
296.95376
296.85534
296.76036
296.66845
296.57931
296.49266
296.40824
296.32581
296.24517
296.16611
296.08845
296.01202
295.93665
295.86219
295.78848
295.71539
295.64277
295.57049
295.4984
295.42637
295.35424
295.28187
295.20911
295.13579
295.06173
294.98674
294.91059
294.83306
294.75387
294.67271
294.58921
294.50295
294.41343
294.32003
294.22201
294.11843
294.00814
293.88967
293.76111
293.62003
293.46327
293.28681
293.08568
292.85423
292.587
306.55702
304.73742
303.28107
302.14042
301.24523
300.53309
299.95626
299.48021
299.08035
298.73909
298.4437
298.1848
297.9554
297.75016
297.56494
297.39652
297.24231
297.10023
296.96859
296.846
296.73129
296.62348
296.52174
296.42538
296.33379
296.24644
296.16288
296.08271
296.00557
295.93116
295.85918
295.78941
295.7216
295.65556
295.5911
295.52805
295.46625
295.40556
295.34583
295.28695
295.22878
295.17121
295.11412
295.0574
295.00095
294.94465
294.88839
294.83206
294.77553
294.71869
294.6614
294.60352
294.54489
294.48533
294.42467
294.36266
294.29907
294.23358
294.16584
294.09544
294.02183
293.94439
293.86228
293.77446
293.67955
293.57572
293.46047
293.33037
293.18068
293.00492
292.79468
292.54044
304.47793
302.42096
300.94545
299.89113
299.11875
298.53372
298.07585
297.70697
297.40237
297.14562
296.9254
296.73373
296.56481
296.41432
296.27897
296.15623
296.04411
295.941
295.84562
295.75691
295.67401
295.59617
295.52278
295.45332
295.38735
295.32446
295.26434
295.20668
295.15123
295.09775
295.04605
294.99594
294.94726
294.89986
294.8536
294.80836
294.76403
294.7205
294.67767
294.63545
294.59374
294.55247
294.51155
294.47089
294.43043
294.39008
294.34975
294.30937
294.26885
294.2281
294.18702
294.14551
294.10345
294.06072
294.01718
293.97265
293.92696
293.87986
293.83111
293.78037
293.72724
293.67122
293.61166
293.54771
293.47823
293.40163
293.31566
293.21698
293.10054
292.95852
292.77896
292.54502
301.77098
299.49779
298.16808
297.34333
296.79128
296.39575
296.09666
295.86091
295.66903
295.50889
295.37251
295.25443
295.15077
295.05871
294.97612
294.90137
294.83319
294.77059
294.71274
294.65899
294.6088
294.56171
294.51734
294.47537
294.43552
294.39756
294.36127
294.32649
294.29304
294.2608
294.22964
294.19944
294.17011
294.14155
294.11369
294.08645
294.05975
294.03355
294.00776
293.98235
293.95725
293.93241
293.90778
293.88332
293.85897
293.83469
293.81042
293.78612
293.76174
293.73722
293.7125
293.68751
293.6622
293.63647
293.61025
293.58342
293.55588
293.52749
293.49808
293.46744
293.43532
293.4014
293.36527
293.32636
293.28391
293.23683
293.18348
293.12128
293.04592
292.94961
292.81753
292.62109
297.54747
295.59263
294.85923
294.50328
294.29198
294.14891
294.04369
293.962
293.89611
293.84144
293.79507
293.75505
293.71999
293.68891
293.66107
293.6359
293.61296
293.59192
293.57248
293.55444
293.53759
293.52179
293.50692
293.49285
293.47949
293.46678
293.45462
293.44298
293.43178
293.42099
293.41056
293.40045
293.39064
293.38109
293.37177
293.36266
293.35373
293.34497
293.33635
293.32785
293.31946
293.31115
293.30292
293.29475
293.28661
293.27849
293.27038
293.26226
293.25412
293.24592
293.23766
293.22931
293.22085
293.21225
293.20349
293.19452
293.18532
293.17582
293.16598
293.15573
293.14497
293.13361
293.12149
293.10842
293.09413
293.07822
293.06009
293.03872
293.01222
292.97644
292.92035
292.80771
)
;

boundaryField
{
    topWall
    {
        type            fixedValue;
        value           uniform 293;
    }
    rightWall
    {
        type            externalWallHeatFluxTemperature;
        refValue        uniform 278;
        refGradient     uniform 0;
        valueFraction   nonuniform List<scalar> 
60
(
0.010067691
0.010079114
0.010089977
0.010100473
0.010110701
0.010120723
0.010130578
0.010140293
0.010149887
0.010159378
0.010168776
0.010178092
0.010187334
0.010196508
0.010205619
0.010214673
0.010223672
0.01023262
0.010241518
0.01025037
0.010259176
0.010267937
0.010276653
0.010285325
0.010293952
0.010302534
0.010311068
0.010319554
0.01032799
0.010336372
0.010344697
0.010352963
0.010361165
0.010369298
0.010377357
0.010385336
0.010393228
0.010401025
0.01040872
0.010416302
0.01042376
0.010431083
0.010438257
0.010445267
0.010452094
0.010458719
0.01046512
0.010471269
0.010477136
0.010482684
0.01048787
0.010492642
0.010496933
0.010500662
0.010503721
0.010505965
0.010507186
0.010507066
0.010505071
0.01050018
)
;
        value           nonuniform List<scalar> 
60
(
309.69884
309.2298
308.78473
308.35563
307.93828
307.53019
307.12971
306.73569
306.34726
305.96377
305.58471
305.20966
304.83828
304.4703
304.10547
303.74361
303.38456
303.02819
302.67438
302.32306
301.97415
301.62762
301.28343
300.94158
300.60206
300.26491
299.93016
299.59786
299.26809
298.94094
298.61651
298.29493
297.97635
297.66093
297.34888
297.0404
296.73574
296.43519
296.13905
295.84767
295.56145
295.28082
295.00629
294.73842
294.47786
294.22532
293.98166
293.74786
293.52503
293.31455
293.118
292.93734
292.775
292.63403
292.51847
292.43374
292.38766
292.39219
292.4675
292.65223
)
;
        kappa           solidThermo;
        kappaName       kappa;
        QrPrevious      uniform 0;
        Qr              none;
        relaxation      1;
        h               uniform 20;
        Ta              uniform 278;
        thicknessLayers 0();
        kappaLayers     0();
    }
    defaultFaces
    {
        type            empty;
    }
    Shaded_to_unShaded
    {
        type            compressible::turbulentTemperatureCoupledBaffleMixed;
        refValue        nonuniform List<scalar> 
132
(
347.18458
346.68572
346.17995
345.67015
345.15747
344.64242
344.12525
343.60611
343.08503
342.56199
342.03695
341.50984
340.98054
340.44894
339.9149
339.37826
338.83885
338.29648
337.75094
337.20202
336.64948
336.09306
335.5325
334.96749
334.39774
333.8229
333.24261
332.6565
332.06415
331.4651
330.85889
330.24499
329.62283
328.99182
328.35127
327.70045
327.03858
326.36477
325.67805
324.97733
324.26142
323.52896
322.77844
322.00812
321.21604
320.39992
319.55714
318.6846
317.77863
316.83486
315.84795
314.81131
313.71669
312.55354
311.30819
309.96283
308.49524
306.88416
305.14567
303.52892
347.22828
346.77191
346.30739
345.83783
345.36458
344.88839
344.40972
343.92893
343.44624
342.96188
342.47598
341.98869
341.50011
341.01034
340.51945
340.0275
339.53456
339.04067
338.54585
338.05015
337.55357
337.05613
336.55785
336.05872
335.55873
335.05789
334.55618
334.05357
333.55006
333.04561
332.54019
332.03379
331.52635
331.01785
330.50824
329.99749
329.48555
328.97237
328.45792
327.94214
327.42499
326.90642
326.38637
325.8648
325.34167
324.81691
324.29049
323.76234
323.23243
322.70071
322.16712
321.63163
321.09418
320.55475
320.01328
319.46973
318.92407
318.37626
317.82627
317.27407
316.71964
316.16294
315.60396
315.04269
314.47914
313.91332
313.34529
312.77515
312.20315
311.6299
311.0571
310.49059
)
;
        refGradient     uniform 0;
        valueFraction   nonuniform List<scalar> 
132
(
0.52799601
0.52827719
0.52856127
0.52884748
0.52913544
0.52942494
0.5297159
0.53000827
0.53030205
0.53059726
0.53089394
0.53119214
0.53149193
0.53179339
0.53209662
0.53240169
0.53270874
0.53301786
0.5333292
0.53364288
0.53395906
0.53427789
0.53459954
0.53492419
0.53525204
0.5355833
0.53591819
0.53625695
0.53659985
0.53694717
0.53729922
0.53765631
0.53801882
0.53838714
0.53876169
0.53914294
0.53953141
0.53992766
0.54033235
0.54074616
0.54116988
0.54160442
0.54205077
0.54251009
0.5429837
0.54347314
0.5439802
0.544507
0.54505609
0.54563056
0.54623423
0.54687192
0.54754985
0.54827625
0.54906248
0.54992489
0.55088846
0.55199449
0.55331876
0.5550207
0.52798315
0.52824032
0.52850111
0.52876453
0.52903005
0.52929735
0.52956621
0.52983646
0.53010798
0.53038066
0.53065443
0.53092921
0.53120496
0.53148162
0.53175915
0.53203753
0.53231671
0.53259669
0.53287745
0.53315897
0.53344123
0.53372425
0.53400801
0.53429252
0.53457778
0.5348638
0.5351506
0.53543817
0.53572654
0.53601573
0.53630575
0.53659662
0.53688837
0.53718103
0.53747461
0.53776915
0.53806468
0.53836122
0.5386588
0.53895746
0.53925723
0.53955814
0.53986023
0.54016352
0.54046806
0.54077387
0.54108099
0.54138946
0.5416993
0.54201056
0.54232327
0.54263745
0.54295315
0.5432704
0.54358922
0.54390966
0.54423173
0.54455549
0.54488094
0.54520814
0.5455371
0.54586785
0.54620043
0.54653488
0.54687121
0.54720947
0.5475497
0.54789193
0.54823621
0.54858261
0.54893121
0.54928213
)
;
        value           nonuniform List<scalar> 
132
(
346.97687
346.47284
345.96414
345.45219
344.93767
344.42095
343.90221
343.38152
342.8589
342.33432
341.80772
341.27901
340.74807
340.21478
339.67899
339.14053
338.59923
338.05488
337.50728
336.9562
336.4014
335.8426
335.27954
334.71191
334.13938
333.56162
332.97824
332.38886
331.79304
331.19031
330.58019
329.96212
329.33553
328.69976
328.05413
327.39786
326.73012
326.04999
325.35642
324.64829
323.9243
323.18302
322.42283
321.64185
320.83796
320.00868
319.15112
318.26186
317.3368
316.37097
315.35824
314.29086
313.15888
311.94905
310.64318
309.21508
307.62476
305.80615
303.63826
300.8673
346.99993
346.5389
346.07183
345.60052
345.12591
344.64861
344.16902
343.68743
343.20409
342.71916
342.23281
341.74515
341.25629
340.76633
340.27533
339.78335
339.29046
338.79668
338.30206
337.80663
337.31039
336.81336
336.31556
335.81697
335.3176
334.81744
334.31646
333.81466
333.312
332.80847
332.30403
331.79866
331.2923
330.78494
330.27651
329.76699
329.25633
328.74448
328.23139
327.71701
327.2013
326.68421
326.16567
325.64564
325.12407
324.60091
324.0761
323.54959
323.02133
322.49127
321.95936
321.42554
320.88978
320.35202
319.81222
319.27033
318.7263
318.18009
317.63166
317.08097
316.52797
315.97262
315.41488
314.85471
314.29206
313.72689
313.15914
312.58875
312.01566
311.43977
310.86096
310.27903
)
;
        Tnbr            T;
        thicknessLayers 0();
        kappaLayers     0();
        kappa           solidThermo;
        kappaName       kappa;
    }
}


// ************************************************************************* //
